2
140
76
24
6
54
5
12
37
26
848
235
32
2
15
1
195
22
86
4
264
8
11
11
9
2
7
37
2
4
3
21
32
1
766
4
2
399
39
53
7
24
3
31
3
3
1
4
2
323
3
18
140
16
1
3
4
68
11
5
21
12
26
9
191
3
2
5
14
10
1
14
108
1
93
20
1
1
15
24
45
78
702
62
141
24
2
54
1
342
334
3
985
29
93
229
1
2
348
74
678
1078
1
26
27
21
8
130
11
2
2
1
3
478
39
398
40
45
9
43
2
122
5
46
24
2
57
1
18
46
3
4
157
1
31
2
26
162
14
27
53
40
1
1
396
1736
9
71
467
6
1
770
609
59
4
53
607
14
245
1507
417
4
2
14
299
10
12
233
303
383
9
206
158
8
7
244
208
3
16
6
52
101
1
49
186
5
9
29
235
32
124
197
78
330
3
6
19
42
1
158
584
127
6
62
36
40
65
283
159
56
11
74
15
159
195
7
4
154
94
68
24
91
93
3
135
4
152
102
18
131
1
2
23
2
19
178
10
24
31
81
1
7
313
7
72
19
1
6
2
6
4
118
45
11
20
2
55
16
29
6
8
87
17
1
208
1
10
13
13
49
1
108
8
26
5
6
25
155
7
755
15
761
784
35
694
534
91
279
3
4
1
2
136
362
2
1
1
3
2
228
51
4
11
275
316
151
102
998
167
3230
35
7
56
118
9
66
28
9
9
400
20
73
3
400
237
740
51
18
11
4
656
311
4
571
513
983
9604
6
1676
4
92
80
475
511
127
102
7
2004
5
1807
2132
2096
1
9
13
39
42
91
4
2
85
319
11
59
77
5
23
166
81
169
101
174
52
189
4
17
1
1
14
1
8
1
38
113
721
3
1
11
27
9
7
8
3
542
4
19
163
209
11
13
126
41
1620
49
786
598
9
3
10
2
27
87
9
8
165
1
62
7
365
317
19
2697
3035
6
13
13
569
263
2531
732
207
369
3
199
9
1
5
197
1
1
116
14
394
52
184
2
140
213
2
275
23
20
64
138
80
183
36
2
1
2
10
1
8
6
131
15
46
4
19
4
7
1
32
131
54
449
50
2
4
14
2
17
91
86
228
1
42
25
3
2
16
6
35
55
35
30
3
10
1
40
318
50
2
184
299
31
14
1
9
132
9
3
14
53
38
1494
80
3
1
8
5
62
173
16
723
5
1
7
3
430
1
137
154
14
28
41
4
1
7
40
106
16
42
84
20
1
13
6
8
37
74
6
5
48
6
1
3
9
3
1
223
17
647
12
2
498
2069
466
52
5
76
31
20
6
17
1
24
566
1
628
43
3
159
239
18
9
9
204
3
144
4
37
34
127
1183
55
1
3574
6
514
1
2
5
29
25
26
7
205
5
3
25
1
5
31
1
8
1042
66
10
173
31
99
228
33
4
1
10
7
151
127
2
654
74
17
28
278
12
14
358
137
5
984
2
9
61
5
4
32
1
10
5
151
4
6
8
31
2
493
96
139
37
18
2
15
14
91
7
24
99
1
592
30
39
2
383
184
18
18
126
1
553
4
2501
1
19
19
214
17
3
39
14
23
281
606
248
382
6
46
2
5
830
8
6
551
2
539
8
97
461
159
68
74
29
1812
6
5
14
90
1
225
485
3
47
2
73
308
157
22
10
1152
310
851
91
37
61
3
102
1
3
9
18
429
915
243
170
14
1
59
1
16
60
27
366
24
1
1245
8
106
22
103
38
46
142
42
19
1163
8
2
1029
37
2
2
1
2
2
5
9
8
4
90
46
28
147
88
58
212
607
80
55
502
9
99
87
443
188
2
5
1
272
1027
21
2028
12
67
17
104
365
12
55
17
1
10
10
2
23
38
1
3
472
282
1190
214
81
2358
178
1
3
3
2
2
2
1
11
17
15
1
1
32
1
11
2
1
1
1
1
4
1
3
4
52
638
8
16
32
52
1
2
207
31
12
2
12
15
20
11
11
117
2
8
11
48
21
2
70
225
4
216
123
21
1582
1
4
193
2
170
285
39
4
2
2
1
47
5
285
2
6
8
22
6
3
26
117
12
316
4
19
14
33
145
8
295
872
10
2
1
834
31
5
1
311
2
24
43
6
99
3
19
92
41
12
16
433
23
23
14
1
172
212
73
39
9
1
62
731
41
8
18
219
6
4
40
6
134
39
2
467
32
94
150
6
88
307
156
67
1
30
31
4
1367
19
20
3
36
138
35
89
418
1
2
123
13
2
4
29
2
55
1
25
101
354
313
247
35
5
493
133
102
317
92
160
16
552
77
81
116
51
22
9
3
6
4
26
80
33
2
1
2
115
24
226
25
2
3
6
1
5
4
1
4
4
1
4
44
3
14
2
2
1
18
8
125
17
6
5
2
60
694
11
12
3
15
1
10
2
2
2
4
177
14
25
47
1
25
1299
310
75
38
3
80
15
123
219
1076
36
3
317
181
403
269
2
235
17
1
1
13
6
220
4
97
2
39
39
41
9
70
48
2
7
36
2
904
5
108
9
8
2
45
2
2
1
17
1
1
1
1
1
59
20
2
37
12
1
1
2
1
1
2
4
45
224
1
117
150
543
172
12
44
8
74
16
71
26
24
200
4
64
9
1
1
19
234
32
236
299
55
13
4
1
6
7
47
30
7
8
16
28
1026
59
250
138
109
3
47
5
65
28
238
29
2093
51
2
53
85
1362
111
4
6
276
1158
1
1
1003
135
100
199
63
3
2
4
52
2
3
2
30
21
67
38
87
1
13
269
214
1
10
297
116
2
77
71
19
77
3
4
999
5
1
10
3
7
4
20
18
4
2
5
669
34
2
199
39
244
349
1
78
7
371
5
605
90
98
11
1
273
53
736
51
67
6
15
443
92
238
18
241
2
880
175
44
908
106
151
2
25
5
23
186
40
35
26
5
5
985
73
52
24
4
72
17
64
5
60
287
38
65
75
3
2
314
207
3
8
524
306
9
237
104
10
130
5
259
54
89
4
100
15
187
199
105
31
35
133
7
787
32
1
144
107
20
35
172
244
480
37
92
17
28
2508
175
38
1
1
614
3
1
1
3
23
324
55
44
2
20
2
6
192
28
104
73
237
139
304
93
134
217
2
201
39
113
18
11
11
36
108
37
24
38
6
8
18
2
107
3
3
30
55
66
4
50
24
28
13
14
83
14
20
13
5
42
55
56
5
11
13
25
41
1432
17
13
17
174
20
638
161
227
6380
1
529
1641
323
1574
732
588
71
8
158
59
83
8
5
14
15
385
41
202
57
1
99
3
34
224
1
36
370
9
27
12
98
298
11
18
92
815
8
5
41
19
34
1
1
11
2
41
7
75
6
1
19
44
5
24
2
47
9
17
4
5
178
19
1
4
4
1
3
1
303
1231
2983
220
338
210
2203
1913
76
226
954
15369
297
1044
133
314
3309
25
490
106
224
1
8
1324
27
65
332
410
12
1575
1336
1887
55
2
294
356
72
4
158
4
372
491
2626
1
28
584
565
1273
579
1809
22
71
3
21
5
2
65
3
6
16
3
34
33
1
1
3
115
81
136
3
10
59
125
1
13
571
41
7
20
14
3
44
2
66
12
22
253
452
2
30
9
17
1
11
79
5
28
1
14
1
1
24
1
133
3
7
10
45
1
276
8
67
662
19
1
37
91
3
145
3
383
13
25
1
190
5
32
37
2
17
33
2
3
9
10
16
2
28
287
1
4
10664
8490
41
200
117
4
5
39
1
1
25
23
17
1
9
1
2
46
29
41
16
1
6
2
29
1
1
3
19
39
1
160
3
115
31
66
48
72
68
259
4
29
3
5
20
155
2
10
3
2
13
1
8
6
10
27
66
8
19
5
1
1
6
3
5
19
106
1
1
146
5
9
2
1
3
567
2
2
44
29
60
3
3
77
64
25
5
7
4
16
3
3
1
15
168
6
3
1
1
23
6
22
1
9
2
2
532
24
2
5
6
12
16
32
161
207
1
207
198
92
7
5
848
501
215
9
65
151
69
54
431
566
40
5912
70
259
26
50
8
57
45
19
8
1
20
571
3194
2
19
3
2
1
349
41
5
7
11
56
4
4
10
5
94
2
61
31
11
6
15
468
10
442
8
136
185
1
2
30
39
11
3
40
426
449
32
1269
150
6
1458
1382
321
317
162
124
680
35
181
11
24
19
14
211
1
12
98
8
3
25
64
481
29
52
1
68
1
1
7
2
210
4
4
88
135
61
7
41
18
119
31
12
11
152
11
1
99
1
5
1
9
1
152
3291
47
40
2
11
11
450
336
4
1
14
289
1
7
7
99
1
40
43
115
609
1
6
1
11
6
72
17
2881
176
125
1687
316
8
73
198
716
55
33
29
75
214
84
27
87
817
8
35
681
4
52
216
80
535
24
21
298
1
199
52
3
102
180
2
19
11
125
9
124
200
2
66
387
23
115
20
458
601
2362
1
32
1
89
4
26
25
28
22
4
24
1
5
2
8
20
10
169
2
76
2
48
2
189
45
1
567
122
3427
2
3624
2
349
418
1113
573
43
7
321
1108
29
189
2
12
8
17
8
24
7
19
1
3
9
537
22
13
3
1
2
2
34
12
82
77
159
59
1
266
374
2
1
76
8
101
8
2
8
4
2
105
140
8
25
43
1069
121
32
2
1
12
1
1
19
393
6
10
56
104
2
1
6
38
8
98
87
317
15
11
54
2
1
92
81
20
59
937
2
583
142
153
2
1
16
796
157
30
366
366
55
5
158
135
1
95
21
130
247
106
77
24
1
17
1
101
10
26
302
7
35
37
41
5
30
21
123
55
224
214
39
1
100
2840
1
324
54
34
15
148
73
304
6
2
1054
231
2
242
18
58
300
18
109
6
85
134
32
126
6
733
22
29
1
11
1
16
7
333
62
140
1
1
559
140
9
6
164
1
7
25
304
325
1
214
12
31
2
10
35
1
3
83
158
672
6
1
105
42
277
30
16
47
32
549
37
61
52
245
2
16
395
419
67
5
21
43
25
371
3
17
1235
239
57
2
77
9
107
11
120
392
2
403
7
215
45
4
33
8
3
7
80
49
1203
2
19
19
465
91
67
6
14
7
84
26
16
9430
145
64
228
480
75
610
13
2901
1333
990
514
141
145
173
393
153
1317
90
514
800
49
45
13
51
8
38
4
5
7
60
2
46
2
4
2471
1
39
85
89
315
222
30
53
1
13
1
4
12
1
11
21
18
38
3
2
5
13
76
472
193
4
28
9
49
410
193
8
37
29
58
36
1
7
15
57
11
271
3
339
40
4
20
1
2
172
2
8
47
2
1
1058
45
18
1747
142
3
10
32
18
167
39
49
46
226
641
101
1945
79
729
3218
581
40
1534
425
1
537
1162
134
81
50
281
564
202
2435
603
227
4
171
2
1119
2
7
31
1514
6
4876
81
17
164
185
223
898
1031
25
4
152
2
1
54
21
119
16
7
22
776
31
272
13
674
120
37
28
72
8
49
135
133
2
5366
22
1
8
280
709
7
173
172
9
3
1958
78
332
347
31
584
454
10
149
20
4
422
49
805
105
1
1073
1758
9
161
82
51
765
10
1763
84
150
5
103
28
55
93
2
18
78
20
80
93
13
91
36
16
50
233
80
1
44
37
2
111
1
220
126
3
5
24
82
61
4
425
1
3
1095
797
2
1
1
1
584
1
33
88
46
56
1
1
19
5
1
61
5
29
197
297
397
24
2
17
4
13
2
50
7
70
1
1
1
71
112
320
1
1
42
9
14
42
114
905
8
8
60
1
350
13
4
204
242
553
108
19
7
1
502
20
703
12
9
166
26
29
9
827
82
396
991
36
2045
4
388
11
266
2
465
1
11
129
9
6
3
1
1
535
1
5
8
74
4
18
10
1
1
11
229
142
81
81
1138
1393
32
58
1136
42
32
1
8
14
6
275
126
2
53
6
714
346
2
444
155
2
3
21
189
3
7
7
1
31
130
2
38
6
34
11
4
4
1
39
2
6
240
8
682
1040
62
2341
83
884
136
79
2
1
54
1
286
694
932
955
853
216
1
13
1
2
3
8
3
5
136
2
31
5
76
1
3
3
3
2
130
159
64
3
287
48
136
5
6
53
6
498
7
25
81
114
350
271
7
11
353
617
21
110
54
21
7
2
3
73
232
569
72
34
269
1
101
74
591
125
9
1162
4
171
3673
479
989
1
1
7
36
7
1
44
3
4
37
40
256
2
1
2
84
1
80
42
4
1
3
17
4
1
59
59
60
7
5
3
187
28
12
64
1524
30
13
42
266
1
1094
140
133
9
5
1
61
8
70
10
4
50
1
80
2
3
26
7
339
9
6
8
2
80
61
15
1
3
12
311
457
1
13
38
88
8
68
94
2
63
66
108
3
3
1
21
4
7
11
198
105
4
20
1
3
8
10
58
13
52
10
3
6
5
158
268
31
29
28
41
39
1
1
31
113
1
286
2
75
2
20
1
759
925
2
16
1
3
56
1
163
13
1
2
153
6
2
2
7
19
9
61
11
1
39
52
3
11
2
4
786
382
168
41
396
1061
1209
502
300
25
205
187
82
100
1197
2860
4
1
3741
193
44
36
44
144
374
161
127
130
321
36
142
1
100
1561
542
3125
388
948
352
10
39
1
21
2
2
2
3
62
135
621
613
994
2879
166
5
3
5
1
1
755
2
233
341
242
31
25
1
285
129
2
15
407
11
3
34
2
8
1
412
100
75
8
1
20
122
19
40
420
16
18
134
16
6
2
7
31
20
150
121
1
24
105
7
26
9
344
20
55
9
8
1
4
7
36
44
5
27
1
1
32
10
59
15
4
16
1
10
1
1
20
7
1
276
6
101
34
1
25
29
3
1
732
1
8
47
166
1
299
739
2
70
1
63
76
165
16
3
1
18
1205
165
190
29
40
5
86
3
385
51
112
47
34
8
136
345
21
564
13
38
460
1
28
94
30
5
33
29
375
1
1
2
10
45
9
249
7
17
2
20
12
104
2
1
2
35
1
11
3
41
19
234
1
42
1
100
6
29
3
58
40
28
14
69
3
225
601
77
2
11
1
215
191
3
17
596
104
48
15
17
8
2
52
1
5
8
30
1
49
2
3
8
107
8
1
2
28
30
1
755
3
924
2
194
1
217
509
169
1
4
6
77
524
39
1
723
1
46
39
534
8
4
214
1
15
2
1
1
4
84
4
201
10
230
11
702
15
916
4
10
30
6
228
2
1196
443
3
4
1
36
153
2
42
4
163
46
1
59
27
179
1
47
3
9
196
45
35
1
1
40
2
383
168
75
129
23
78
136
1
5
8
4
497
6
157
101
1
23
44
77
1
16
2
13962
7
6745
313
574
33
852
15
89
9
35
1
19
6
23
28
40
116
106
344
59
7
387
9
51
43
63
71
43
60
20
13
41
2
437
1
1
4
1379
886
13
2037
1
17
1
3
15
78
1
5
1
13
21
553
2
13
14
13
1
2
13
41
5
42
9
9
9
13
8
14
1
184
1
1
1001
451
76
39
25
1
553
841
512
80
363
10
520
4114
1
1
44
41
41
418
3
35
13
1
1
443
127
8
118
104
2
1
10
64
85
14
10
3
7
173
23
419
64
65
2
1
1
2
1
22
188
26
1
1
2
1
1
2
3
18
44
6
589
73
10
10
133
194
1
37
28
65
89
69
376
1
1
2
185
429
101
77
36
1
58
54
90
51
24
99
116
36
280
808
443
180
4
296
11
153
153
9
697
106
2
260
52
482
1001
90
1
97
18
312
6
201
158
117
57
2
616
2
9
87
265
8825
163
31
74
2
199
31
1
16
30
719
48
17
22
1
98
30
79
550
1
76
6
334
29
67
419
42
1
8
114
4
7
1
2
19
2
3
1
21
37
23
306
8
2
159
375
3
5
47
1
2
2
16
29
3
10
13
15
12
2
2
9
1
62
1
2
2
1
4
2
30
1
5
2
1
34
29
78
1
3
29
13
273
430
21
1
2
10
133
2
4
183
2
32
11
152
156
3
82
188
106
39
110
18
10
1
5
14
2
15
45
2
81
76
5
37
28
12
14
7
18
143
8
1
23
29
478
1
274
1033
5
38
6
29
9
25
37
10
226
10
1
1
1
514
104
933
777
147
28
42
12
2
2042
48
173
1851
1045
54
16
400
17
11
7
591
81
390
3
262
7
1325
6
61
154
579
51
474
13
2188
14
419
11
4
102
24
1268
1
980
212
1034
597
25
251
410
1828
579
203
13
1124
892
1184
268
53
42
151
12
18
147
5
41
404
529
1751
13
40
72
3917
784
24
1296
269
15
5
57
1209
27
289
24
8
255
204
481
32
8
149
4
319
652
5
31
108
30
9
15
243
750
5
109
33
816
7
18
8
152
19
1881
448
1
42
300
145
2
2
4
1
4
12
75
123
4
35
37
1
18
19
2
14
971
408
20
570
308
167
174
20
82
164
22
6
8
47
267
688
4
97
12
1
29
14
2
2
30
698
2
1728
4505
609
18
36
3
28
25
268
316
45
1724
55
406
37
8
275
80
531
4289
17
9
48
4264
157
276
196
117
169
353
5
429
4316
1667
33
334
49
13
10
3
25
1
129
238
556
49
916
654
16
2414
2
702
114
24
457
181
9
68
461
104
1643
1907
286
581
2530
1485
740
14
6
34
20
73
9
1
58
85
100
1218
66
1
2164
6457
1198
543
272
80
533
1032
2087
3
187
1
59
47
14
3
262
127
1
3
137
1
3
8
4
4
7
27
9
1
16
2
3
1
10
24
29
969
1312
1486
1480
11
39
2
63
387
482
255
1
23
23
8
6
43
3
62
6
1
43
41
86
1
105
1111
60
1
507
3
5
4
23
5
85
421
1697
12
25
8
3
21
18
1238
84
13
1
21
267
6
44
117
35
4
27
73
72
20
100
6
45
3
2
76
1
2
1
2
1
74
8
4
23
18
3
3
30
12
2
17
17
63
3
19
2
13
3
1
29
5
36
2
339
33
70
104
82
9
6
4
441
2
105
1
3
12
1
6
3
24
86
16
11
44
2
3
3
259
4
288
26
494
17
48
214
4076
229
74
14
5
181
135
272
5488
4676
1
543
874
1
2
45
559
6
44
766
42
43
1
9
3
1
7
1
9
4
10
9
1
23
2
1
1
10
2
6
23
337
790
65
34
5
1967
25
5
66
4
5
10
9
26
2
116
1
3
30
1
48
159
34
2062
554
3
757
1235
15
31
43
2
45
18
34
1
1
10
9
27
24
2
749
172
1
19
22
676
10
54
1
689
21
854
3
5
1
1
22
172
1
20
658
3
3
3
15
7
6
7
15
11
96
2
4
155
3
1
3
4
2
14
1
9
1433
113
2
5
5
1
17
50
2
6
2
6
16
5
118
56
1
361
1
37
57
7
3
1
17
2
9
71
3
1
5
11
2
447
8
4
688
305
34
87
181
38
574
1233
1
110
2
9
20
15
1
143
1
8
1
17
9
144
438
93
1298
254
343
2
1
6
41
172
29
10
7
2
222
77
1
1
14
178
7
638
24
26
564
115
23
784
328
11
9
790
21
252
160
43
28
16
58
102
45
7
22
368
8
261
73
43
113
85
7
95
157
82
4218
226
157
13
2
17
1
1
2
15
1
1
1
1
1
1
1
501
44
385
109
214
36
497
6
7
15
3
62
5
1282
56
1674
1
16
26
9
24
9
64
16
6
1
186
23
4
4
247
262
197
4
3
137
929
218
19
1
142
45
21
1
72
1696
28
1
6
245
25
80
3
34
162
14
1
3
290
20
22
6
190
1
247
18
152
96
181
2
15
1
7
3
61
2
5
1
18
4
4
181
5
27
20
7
16
1
1
420
107
3
8
597
239
21
93
18
96
664
2
5
373
42
173
6
1
1
40
17
20
131
21
1
12
192
132
69
87
492
68
8
127
164
58
578
101
16
36
15
9
3
4
9
72
154
1
46
2
398
3
9
7
7
1
1574
909
1229
50
816
63
433
6
2
20
20
5
133
137
17
307
14
61
41
43
44
27
151
1
448
2705
3
1
15
7
25
3
1
1
1
450
5
281
727
144
12
37
25
8
1
112
33
38
3
5
5
1
3
28
193
59
24
4
28
9
30
339
28
24
805
4
14
879
2
4
13
42
196
741
12
625
3
7
4
1
17
1
2
184
429
172
3
19
1274
329
31
19
47
546
54
2
74
23
416
12
224
1
224
48
409
377
349
5
179
16
106
15
30
27
25
67
4
12
39
183
24
170
1
86
38
25
70
75
2
38
2
3
43
4
103
59
506
340
22
27
43
2423
559
102
359
780
134
32
675
322
25
13
92
5
5
735
3
564
51
2
400
26
15
173
2
295
4
1
1
580
34
107
132
10
6
5
16
4
13
11
4
7
15
1
4
1
90
224
1
39
24
11
1929
1
1568
130
8
302
439
1488
2889
681
9
7
122
13
90
7
650
31
4
1
2
6
2
2
16
34
732
2
164
3
41
1
265
32
3
5
101
47
176
4
124
50
2
69
47
15
178
8
34
10
12
24
6
96
114
16
220
5
7
332
80
1
8
3
243
59
2
152
40
118
1217
77
500
21
114
62
596
8
67
49
90
33
3
10
418
52
232
174
36
4
2
5
2
20
42
208
189
21
9
1179
23
1
196
310
23
732
308
853
272
385
586
1
5
247
310
41
1
8
192
4
7
360
3
24
5
8
113
15
37
8
1288
1
36
26
538
163
187
13
794
8
568
312
965
7
48
2
613
56
86
28
13
399
5
1
3
10
379
126
4
42
6
669
39
32
7
1
58
16
1
2
207
12
1161
60
93
197
1
68
87
23
9
17
1
133
3083
70
9
88
33
5
325
1818
252
18
68
51
2
54
3370
26
284
116
14
565
106
18
1572
272
28
1190
4473
6
293
50
12
3
207
2
3
1
20
370
75
3
193
5
85
1
9
1
126
13
15
24
1
43
3
57
801
44
1
2
10
7
15
59
2
14
7
3
10
54
19
354
46
4
14
2
40
13
23
28
122
6
1
219
70
30
56
341
68
177
3
12
3
1
13
4
84
1
64
45
86
118
7
5
140
7
20
2
10
16
1
21
1
63
8
49
3
97
461
25
23
140
1632
285
34
11
71
3
307
16
9
207
16
6
3
241
2
94
1
16
1061
266
94
499
14
717
131
64
59
3
240
19
299
218
1
78
32
39
1078
32
357
1
67
58
183
17
260
112
8
3
34
20
1
22
10
8
97
7
6
63
3
34
24
1
101
12
9
2
9
36
1
196
91
6
16
57
2
18
2
26
92
1
185
36
120
613
684
15
88
1
8
14
432
42
576
57
1120
56
1
2407
195
16
24
10
8
