1814685.43560451
51416838.2955651
18849818.3159208
6443615.20112421
1731130.51997597
18458816.5012761
5465838.59488077
2663350.38367235
24338727.9883874
1599384.51534328
310745029.749968
80434487.5420926
16747730.94678
677438.559161536
13039900.4362055
383125.358681874
33961865.6875487
12397396.5732203
7534001.5383602
974448.482384656
53534358.1717455
6690484.82455484
4541007.29312112
5093272.08276558
2822710.57521234
1726557.22161863
1068179.86929271
8572011.51530766
263523.683098378
3029889.88518912
1817641.88153875
13972699.0780783
22229476.5194241
145608.996126633
53519589.8609988
2309626.43914692
397625.920313164
259867128.058278
11654779.5742794
33478445.8975441
3809550.41518127
14534235.4514902
1540440.21423253
10839118.7102363
2501087.06438498
1731784.73628057
127517.04552966
1521849.53948028
266499.431911225
117555046.651201
364688.204750383
6383082.65787158
61773705.6126774
3118015.96542302
256549.404965647
1484995.00240322
2172007.58922689
45605670.9585466
6220010.53678593
1236575.49895533
7352461.12867856
3819345.65804787
7478153.45194016
1523052.79283613
15464433.4307337
1014853.17104406
203896.662103439
3858920.8823761
1645482.97684311
6351561.04757307
515181.091312545
3960473.89660287
73875163.1128898
457897.804329357
9469389.2343042
9859858.90172149
187964.062624543
378415.824346541
5382113.87347256
10502891.3515049
23600371.4119776
55695890.5873285
338092854.616914
24543986.3994909
47796223.9445163
28574530.6712597
349320.022395388
14520904.5484265
221405.21275577
235974507.473757
148205536.012992
3282620.02279685
371239856.222167
7209685.16310314
83955874.1805461
79986877.3967017
1006419.47429672
485022.145054705
168106929.609232
14821700.0362595
304414319.99591
392184356.606695
239943.477881877
2430915.91141832
10807903.5898173
8568445.71717254
2400128.99925274
35284202.6463387
1672865.73012943
307729.969534119
928915.233123682
950411.842719974
797399.635501061
162466113.292451
10587834.9805047
72383840.442996
21375580.7621097
17229432.122966
1253389.52581261
29669205.51206
266499.431911225
19599937.6924528
2333298.90491868
29047635.4737172
9710079.15303656
322743.687224556
21525706.6620745
340836.532294684
7602427.71297718
12540259.7122341
2123724.23375449
609451.06819101
44576924.452624
1438172.31580688
6813995.55141229
993287.307604177
15589970.879834
71763711.5187591
10686729.9579334
5408980.5927246
18878268.3528033
37929764.8205053
950551.788542727
180756.661399514
139870532.330695
626280400.759733
616908.909045217
37559109.8223547
132017408.141507
2446624.83355222
133371.36189226
261814668.590055
116891110.238694
15144492.350067
2294892.55508829
27551021.5131539
257137935.731124
1787876.14907697
137823878.641714
553198959.70065
214072249.314407
1734676.03065279
489415.348380447
4336957.17682034
150203427.570348
5646618.18416355
1483188.12179588
79839621.1895916
65534304.7707629
206925666.686924
6725851.55284209
210205285.011036
21253325.4760165
7106821.97804949
8131609.50089751
84809990.631005
86475396.7656499
1300830.64068779
5566274.28393945
4153358.35853304
7562000.32770167
7437197.70041832
47260.9681714864
99270032.868566
73342335.0670826
602071.438826416
1865103.30465609
11700256.4141288
88921097.6738693
16196413.3488396
41895207.3872312
43968463.0439334
40757923.9195444
105737154.137027
168944.487662398
2329275.30524904
7164918.99550835
11877009.3777355
522770.866044259
37745219.4297748
80661931.5645266
33645067.7084247
1060335.41831641
33172856.9914879
9745755.50060449
11631054.7746922
13961697.9226516
56766212.2999808
66339138.1013116
13027980.4465256
1973707.4901447
30536755.3808451
6767820.33308921
74867220.1917578
32812294.6171964
3723260.65633898
2053904.20024744
35079499.0270336
38157951.2842728
21403383.6763736
5562825.71219083
28395804.391974
52063726.4998559
2545604.50860668
44588884.0026684
873370.013948075
54470300.8546118
23401417.148424
13583206.142493
36307704.5801622
367593.14576117
399943.320969664
11774391.3247483
94521.9363429729
10142493.3779712
63791949.8054022
1880532.0527565
9379441.97640563
9566556.21318796
20517725.2856921
81257.929590454
3185363.35020975
137489786.188924
2448185.37543288
56606385.9030333
8863641.04999091
1268686.85558256
909944.330957184
880571.015595165
1356331.94205503
3021995.05094593
62612206.7476981
10080807.7400759
14229377.3028586
7675460.35104746
1706217.66002867
30434422.4265111
3980309.34273023
9183602.74820047
2091268.54821007
1154794.79620949
35701077.6462745
8336078.69407748
219013.131167708
47359563.7125066
571164.336409409
553842.735875571
9263767.46019199
3271138.67394661
9442889.25805893
253751.304078672
75650903.5831362
8814845.08905038
7671404.02758272
2041171.38273585
1773258.68478396
10185926.680657
37710976.2967719
2806715.03429449
378366214.667639
2775687.94360286
219437363.338109
291419570.417989
14919480.4288438
227754161.356612
201668378.353556
42992146.4794764
211334499.332443
1949438.60003918
5173895.62196111
766424.950777989
2117483.93889838
94585788.7622138
192864396.96172
162515.859180908
726763.726874339
631257.741347304
2211680.63760996
1776705.49451237
75944336.3557457
32744459.6703421
2083206.82438772
4664350.43176077
113039768.606088
235022139.095095
81963612.0121196
26239861.9348857
169987756.593273
64593615.8049026
915638323.841856
8833509.97628782
2154022.78496202
1921863.40169657
69226392.2700954
5654835.6963922
27201781.1986862
9595994.38602793
3703553.62609255
4027241.01828765
156282946.952654
21349187.2310523
49071811.2021513
919130.978804736
203223426.753692
84861342.5221233
178843482.177697
4543401.26592377
12532045.2633843
4531344.14366608
2574826.99453499
389140642.817069
135353164.653025
2309046.31504076
219885747.863054
68203743.2507757
531715718.704396
2239963776.06219
1120191.59097089
481591209.401503
9238755.02573783
11067666.726964
38933973.5501822
160229469.74416
255312349.601882
42442290.0178811
21495157.7652778
7806821.97985402
899711066.905319
1701309.2795726
823306579.694954
1014790147.54249
1515573238.3528
592103.700380903
777111.987212211
9231992.67080952
22534899.8373231
1179808.77945856
2556252.35549354
1338884.59924041
550836.955244895
43649936.613458
58486795.9291037
8129427.85532252
19015405.0381438
39531165.3820225
406289.64795227
9978316.09500225
54020571.421723
34327519.8892499
76218358.0325621
59446149.1580522
58977328.9866305
10190148.9093966
58132776.6911822
1690707.65190308
6361536.79931779
467822.244150266
122122.696288716
3740648.67981719
1096534.59162464
1811369.63576198
526948.731371159
6966850.76758289
28062030.6090755
231158256.244737
2285097.05695033
396404.913475161
4863124.16751278
13181686.3876231
2510911.55831067
2097396.8204397
2417528.03995303
1131986.6904946
272409203.513049
3295026.30347508
3541362.02601582
86388769.4046768
107915468.334688
4069554.81933497
2735788.6520441
82371207.5017305
16441015.3791394
524910584.288829
23021509.1045721
103760119.221971
176207506.108191
6779781.49905619
994675.250935783
6268062.42500179
1311078.77486856
16056470.7422199
38174933.0339813
6791112.51991933
2908797.18158616
35850477.7650775
485187.732859464
34530856.3574086
2510556.7177682
182259118.087765
133772035.982257
15124142.8237384
1049756211.08593
1556065696.97886
1967322.67248694
6086394.88077773
5343367.55392978
208217321.741214
97311656.1409846
793721339.286622
347010106.595389
96210574.7676507
89462851.2564911
2000108.97717298
50379071.2452503
4443482.4440799
340880.274542665
541711.767798858
100283627.494213
656761.986426392
899790.248829726
48837934.4348422
3249066.84637104
156427078.16689
18230769.9817387
117741732.007574
1282580.42008552
33568812.5972063
94274792.0298717
541173.518275902
118431939.366995
16030568.0138496
3283546.44730937
38035036.0093661
71544941.0623931
32533105.0313645
90155885.0550176
8253682.25583864
2213973.41678008
243933.280115998
334038.661826183
6072705.15051431
992647.537304464
4047720.03663005
3168703.89003239
23746607.9543694
2592991.55812023
15889652.8486166
1168390.16639241
8408347.41483675
678717.019539175
3076373.23639819
334060.873567937
15019407.5524037
49874233.4181036
32710417.3049155
53482318.823712
16331103.6941678
1711394.39755705
2195530.69945491
5261186.84320629
938847.723401743
3639809.86820894
38181101.1291212
12600349.9947257
114232587.699204
477612.447649344
26796025.3675311
6631850.13011825
2067883.20832697
306596.606133552
8754282.31328984
2510076.48502211
18136991.4943923
10753855.5221425
15578463.9427186
5283154.10501399
262381.090333466
3143085.91126767
1960453.09295067
19939103.7858515
36245745.872246
16530193.7152882
584195.083196203
71980273.3424015
82971783.2247039
13662332.39995
5380573.35830617
88851.5201188963
486270.286263708
67486797.818694
3256994.76587552
367098.136296997
8922194.19388842
22208601.9214052
17624194.2035735
491886767.694003
35909871.0018863
1340375.03696462
138966.92084104
6535108.10704984
1205186.97493408
6393709.8527914
78293998.3484181
7369536.47979989
210351862.036429
4407298.31211563
165337.835003966
1201618.29063605
1649641.7948999
50019961.4426536
133249.715955613
81609779.4483262
62735377.1774363
9491334.97674322
16668504.164505
29061166.8323893
1725365.11049266
175180.947777323
1139602.38100394
25270844.3253822
9598832.80824346
4066055.86693512
26632752.9657641
16921967.5132578
5711531.38276678
515674.859954833
9904887.63904406
2688144.03451068
1736101.54906161
7861562.56021964
30348782.929269
1891175.86565941
3845979.0622223
25282727.1197422
1219925.65201858
62548.1108792821
680535.15598567
2639976.95872465
2287037.51514334
360214.294705902
136164433.87409
10701836.3291585
378044398.513777
6921369.46975341
2222553.97208619
120202919.426459
62644512.5496684
210605505.68765
37226670.580413
1639399.58110056
16811270.9242446
23609518.4094159
11550257.4681069
3015596.80648773
16415691.496058
2206540.11570919
2302935.0181673
317825752.840084
666881.491732097
367986796.872353
30311900.9001963
986842.623370752
34823742.2775519
164402531.519472
6154703.39464025
4375887.65342749
4514816.38684427
155475121.695197
150006.605811305
38653924.3772503
3087530.60121253
37155520.7800613
45217436.7222039
70619400.2616881
333474229.709386
35785487.6096475
1462050.9864289
765584952.91343
444277.573055944
121230310.556384
340880.274542665
2264624.8210625
2844000.26316067
29947713.2389285
18655181.5783982
19936477.6564418
13147079.7056561
75199901.022933
3010074.64410591
1473010.94413443
7247704.46339731
605880.627179584
1242045.67421411
10106354.9596164
508936.687251228
7599697.03210097
403942702.126741
35765762.0508093
4271915.8159047
67347022.9991869
10095562.6811701
46022925.3342504
69030587.0660885
8298676.33762646
1772287.49122212
207356.986449865
2579366.40302606
738356.338614596
34127157.9384025
61092910.0361924
1888828.48910328
276072224.592235
15404803.9912353
10244158.0873489
9752770.76261607
51803840.3713902
5138577.96145835
8370939.71677956
191026553.876091
68947674.7121965
6862705.80878947
220695962.755117
310837.517635312
3544233.61478227
16254117.9821247
1215717.50633318
1569015.66300698
4583973.63872257
171534.078909722
2286157.26139931
2423127.11262184
52303703.1564204
1580369.2050632
11266309.1125302
1208283.49053009
16201450.2887288
1381214.59927623
129516266.363386
27929628.8462588
40367421.6164208
11736685.8905327
2787257.33037097
163167.074865579
3712239.84594182
4866469.36307829
51711968.0979508
2958997.76640481
10053563.6962021
62222451.5414934
683790.088165883
113603039.159569
9005105.67512078
16334275.4291023
351260.675890595
254277302.270507
48311622.9730882
13585439.0737304
1961824.53549876
20945983.1595576
786498.480485145
182238150.295899
3958569.44652828
511824860.492795
465758.197148103
6004293.65993564
10170096.4321674
37085142.6755454
10649855.9795152
3429117.69132436
27309143.3556771
5387210.3232042
11480319.7962009
143330670.652556
229823073.237436
77139338.554921
152297242.116906
5118652.980086
10779380.5886246
1464474.23111601
3504381.30905796
308919087.952877
3530382.87854096
3153760.02497176
324701157.096844
1527050.63718583
97883735.7474582
2691587.68723855
14896171.5391774
117497597.810815
43251674.2462415
36061265.9624125
26701225.0038252
8306493.53017065
614683693.946574
2313273.86787958
412741.488247877
7131753.8571197
37034125.0240185
1576507.36726255
110336099.827187
252081631.905147
1675105.95505748
34245708.4167793
2876344.63161377
43618429.524059
171201775.764311
74370314.7924478
14185516.0462438
6923938.9582605
452782694.075659
100727510.371227
474638233.283712
62606720.7517472
21149998.9565793
13959272.1225329
1464782.01499198
44923545.7024887
239378.889348376
1147884.14193217
6085450.49582302
4771174.47832674
227813201.10626
276758660.371388
116987164.590884
32955384.2913219
9518976.67482115
605880.627179584
21746516.4435476
658645.891863078
7187749.00432967
21127160.7897503
3989411.17866423
82932818.3176386
7199381.73594121
383465.347906737
713468588.884047
4677283.40134745
52253404.8555776
4256814.7366683
40513267.059237
25545180.9470481
37629375.6881827
50383593.6167717
13763932.3263486
3840390.30430564
151460970.01159
1525995.63033602
273536.121740889
267655551.129606
17136733.207086
1171777.31216751
1329552.95644962
1621599.57619162
1174427.73094548
1018524.00588691
1884375.71657193
3524640.25492875
4567755.62965494
1003583.35175056
49265598.1213675
25501436.2702808
8130860.56138208
36233775.1332358
13322993.1644298
22270402.5662051
145703781.809671
198338212.612773
33556704.2844763
15323538.5326822
43086532.6511427
1174138.22662736
14008970.1108215
52370714.1159077
107666665.840826
95745060.3828588
1010687.9205759
1200829.51097209
326316.212857234
114644677.852718
339232409.14571
10253474.1049439
733335042.948367
4924724.58888288
27343713.0831089
7271396.48934369
32040496.7538133
88151858.7439668
1702084.43909063
17510831.7638652
8274565.6409159
957257.638903651
8509053.62796106
7000766.95322777
242142.219012344
8698979.98001993
9601771.68724005
360283.644106511
1255882.07676436
154773965.630007
60849386.445951
490025413.754513
65068571.9433039
36807006.3947422
1221939636.36215
74883263.8497072
340541.772349678
1343090.69950049
1776740.62837057
254807.592924675
843774.270387715
1590667.40641526
258077.388034315
2138074.85754508
4862020.72297416
2454860.86188524
333350.848483407
786498.480485145
24205827.1426357
1144749.13176263
5872865.9295536
1068536.01094754
1180031.03201024
766424.950777989
137060.209013092
955251.806616576
3158928.89886765
739178.564436951
3042303.34329946
3700379.70866171
9976806.42756246
259060579.327049
4961733.20691951
9114636.7253636
12241954.0157514
16249172.9951709
765451.25201557
367472.342829217
112582930.39528
21139178.8790266
9746064.37042558
825425.99481399
9161445.53298675
10590974.5970881
13788696.9619559
2582080.63020472
2605571.77543143
57518452.2361588
3238373.51199453
5756287.76233996
3047837.37768007
8267034.00947298
20149692.2062705
353720.975055891
24813703.5471656
119986883.188098
1683954.12249558
90847917.7880877
48181898.270278
9766094.70484291
613641528.690032
187887.901983311
1325154.04351966
94451127.9946132
1026180.84897121
84252173.0413865
99876076.3505936
15057934.7646347
2837306.52197946
390421.170337041
1815449.44531257
371388.371371875
6833622.9306378
2976599.55821919
59391038.0914147
2105431.78553523
4592774.54713554
12912094.1552503
10932322.9791598
1639420.87138213
2215723.77058267
14203287.6729965
73572799.615885
8436274.98222146
248982852.257909
2626949.28542403
14445040.5097243
12710183.2604763
17057049.7224118
45806469.9403664
2670709.97461139
129185865.983532
205259470.580823
1379906.49729167
159036.426716039
204151.212800886
182324700.082607
22139697.621977
2930601.81398741
62548.1108792821
157482894.285333
404951.408959784
7973022.2660591
35001349.0487459
2365976.04393582
20592079.601928
3150882.72202196
7138852.4278061
29261261.3987538
19450093.36501
3463201.30698987
10034289.4770794
187211641.279698
10839685.3862564
7372741.48986601
5438513.51293569
656761.986426392
41484435.3355033
37761057.4588826
43995454.6933689
14358128.6374456
3836790.72111607
377254.603807903
6893409.24858482
98867169.919739
15025562.6382709
1024026.51683597
3717007.23243279
78484124.1848881
1875587.9956419
1767640.08990728
11639487.1654989
2643589.23532981
62661695.2857283
11346087.2319962
1479411.44078181
129949709.241648
5442311.17053437
23424955.9665159
31949568.0888546
997850.348555912
37003461.3396094
116324742.80985
21731526.5320203
31861375.1318769
1946346.75601527
4801666.97149924
8324302.76544494
528334.8241013
409939539.163186
2223419.24063979
5823516.85275706
1560893.53728227
15294572.6892198
47484246.2596263
13342261.2744935
44406414.6449958
212874408.785161
76170.6102315353
669410.835511506
55635893.8443283
3072972.41387655
106674.664187228
1929737.24837486
13526557.8732269
843418.651237047
36375353.5758269
662671.464717519
9194417.19922761
94995467.111007
82958652.8075052
141799627.619666
105375081.859279
2074735.40560749
1895909.39194143
145817734.555325
16388614.873114
73884574.2708859
65774736.6801168
18837287.8256055
93229374.5677297
1841624.08109604
181108461.204879
23199930.3116133
41410062.1149658
59752409.2376971
36566006.0239054
6777079.71512425
4593211.39715529
960558.186308877
2594281.8368264
1113626.03668817
21866806.0316506
26857533.6259269
14812387.7832029
1019960.20899359
1144994.6244129
1063286.40520726
53554376.8997538
6718644.59497819
48892997.9007267
9619283.37753464
478857.168932515
421085.007888154
927398.913097557
651412.729509682
638593.682789024
720067.269790514
1338403.47961893
296185.048703963
2565615.45851507
39971.0776171383
286263.114620691
38779908.4793991
512218.713806562
3384275.65384214
1832280.81007221
2832367.9265048
79880.3442582442
4638170.17629815
904018.962667098
36208861.1894
2634891.40118715
1924943.2594688
771549.994350191
1175227.31460975
16399491.4135395
229818880.036177
8176251.46140664
4183333.50698412
886752.682094365
10254286.5848949
489034.770555791
2963569.00533137
711775.363541152
751448.590064295
859637.623621352
1325324.32778609
123110961.235034
6644222.67836926
12870583.2284419
13395515.9556816
368292.45143709
10126191.2898911
225692028.223843
92810401.9312984
40179084.6198402
9951723.30732878
3379687.16645497
30171885.219935
4559398.13439745
44728960.6433185
40874123.3082881
24870384.1175996
34280587.8938996
2851235.52815992
152539935.347239
49817126.0669327
47218192.1790985
104984736.767074
1523398.03796689
83160794.9223697
18387446.2438415
46171.8129450312
322308.329369294
2392869.18662905
3972498.46748622
98382541.622142
1928011.10504231
61069652.8224087
1792644.50047904
11602429.6001624
11212563.3763489
16462863.0786954
2011436.84762454
37737085.2962948
72304446.6391872
355363.452142881
2366158.30918064
7415760.78912106
542659.713995573
368114110.536438
2518037.9846297
31293298.1858948
6092909.15030613
3136341.66481821
1094954.60164866
10376869.5755961
343319.5116103
771743.355322029
66521.623651227
5673558.92188659
761699.018983445
150440.216040996
175180.947777323
74046.2621759907
1451714.83657471
8091761.97126157
7530294.95059549
746481.200327423
23524383.7869946
4647537.60877038
498479.40208056
180016.817447628
405051.930206401
382306.089027333
1068123.12864539
584195.083196203
3191149.84137534
489048.585072279
176836116.526678
126455.031874483
37839446.3481607
73225878.2338367
275856743.956733
104390591.842459
4721352.04113262
30244768.086513
3383237.18369958
6013086.7896936
10100123.8615569
20002896.397322
10577567.6427986
11923772.9612953
132287135.543008
860320.776652743
14285006.5745939
7377301.90568548
647550.788570016
700876.261811591
9910461.00807675
119423873.420499
23177883.1381973
74773961.449319
119409800.740773
34175943.2721601
6779836.14929641
3632135.38954498
853108.830014333
3043038.66104008
5425868.74650542
24111999.9414041
16779347.3998541
1067263.64645872
6231690.6348944
3121952.71800334
9314702.15102055
224804133.557484
26588617.8053582
111216207.955968
50907274.8076046
43208763.7724682
964606.726565831
31384487.8917525
3687460.75409725
50980713.3158675
20882103.1367182
51250323.382159
24156422.3084683
998614778.844537
26012169.8737793
1233644.09695488
27385165.2093151
32692328.707434
209572312.251062
100354366.646599
2791258.60501628
3617797.87505852
72662446.617973
355611260.354509
861346.525137941
566657.565886885
276128740.481004
93546065.26721
69684157.8008725
145756550.667025
26454917.4870446
736869.372515976
189996.261486293
2470349.89319032
19815561.0555048
1052118.67331079
821762.872886974
1221086.59644959
16049997.0081864
6346216.56655891
22418081.3476147
15265798.5757111
7300977.71611393
605880.627179584
1613133.84943005
63767883.6574009
90764373.4453235
1486362.49220746
9588473.3325919
54806002.0682488
35610551.4189847
2083851.3150743
62602685.3435833
17602389.2752712
19485435.0761313
17647186.3891631
637099.77105256
1638915.78835068
210053171.160168
2193939.38092563
392250.538322309
10378257.3356612
723913.438143457
7671479.5560645
2584863.97009079
16071647.1456609
9336929.31718404
761632.184021575
1373102.71573162
2979734.51593232
126704518.549648
7581539.22886696
779061.288367631
31030851.7025725
16244963.9209761
37174883.0862303
66468991.1786162
702289.87195209
17580911.9808532
3082445.93058185
129698886.27599
4717040.01906214
255333570.839547
6228941.68914802
42420905.8132557
15380455.7636406
1779773.82223576
42687243.5835652
21431511.446894
196895436.539358
43349144.6186611
18410261.8271248
5355618.91438709
6743331.86315017
205711938.096012
89759217.0644606
64710692.4075858
6958517.67331373
124980274.757847
302339.154432112
445545493.499455
30592280.7931604
11980139.1122159
294292818.869111
18695266.347638
35444668.0189253
547861.862986411
22335768.4132517
1974737.77685432
6583910.84994871
39053146.9495725
19677179.7839029
5802269.20192627
4583829.18629651
3805009.34322816
3195453.40580929
108967356.10538
68353671.1072724
9397700.75825261
4728192.72502109
1981559.48785199
23464880.0019024
5453151.46962024
35643087.5908377
991884.752708947
4916442.84064748
145915036.032622
11372378.3875459
13775651.7846795
54458118.5861551
1323389.00987927
405051.930206401
111784360.614368
76190808.41897
1712471.0192151
6264450.33241074
193986617.393807
64834680.8544184
3683521.51872495
59412110.9003878
27219473.0611159
4323609.99754274
38218865.762956
1469004.42079089
31487376.636828
3172760.9569214
34296494.0516381
2446005.04293121
15995998.4871665
9310868.35358281
102301905.901566
63573889.4635094
48275640.8163577
23169430.9019079
13643954.7364732
22385156.1264269
3218950.50840877
73213089.3282909
20958397.8699709
390776.228140012
30669542.7047107
56173670.7873555
17245386.2639784
20299417.767833
14027677.7981638
46286792.1340318
139839361.495686
7105390.89522514
40501517.9316829
9226030.25222312
18818655.9432993
679780373.428054
77587637.0418972
11301517.5283041
333350.848483407
550098.191419626
109524799.71138
2901298.22556835
74046.2621759907
522770.866044259
1816519.3197146
10478135.8686874
179464562.343975
13472966.6822081
29253817.3667857
298381.327022391
14929362.5330669
931516.394296207
1051085.68666394
64398233.7157309
14721062.3993282
24534798.6877795
37086638.4876616
47237627.0554577
7373113.33612641
58429193.0147574
43840780.7873421
32888167.6592724
106530245.606659
3928756.64371199
52223984.7139342
9787997.04243763
71046891.3700317
8433637.63964285
9448239.514278
1513593.96014716
19613363.6908007
35768141.3221243
10722037.1255914
5934031.72321411
12735845.0844132
2142069.72364173
3174262.5181599
6133729.46469179
821597.906661524
50515259.5124156
499106.139863559
1866097.00924717
14885064.9413997
21883337.6466451
15025274.5767235
562591.235270826
27099390.2853635
4215634.34102131
6886258.40276972
4221684.49513805
10996322.5028419
47070941.1572011
4762282.0521698
13973701.4100221
6390469.10198779
1778180.51463227
21989423.8447289
29498889.6838971
7036066.29813786
852901.187821154
4202224.22684217
2691685.24864245
13276525.772053
18096977.3569723
162936123.952658
7383951.49588223
6920714.99619196
4385429.60097259
38515964.3022176
2400334.20618809
220288195.944312
38658864.4110606
59328420.2356234
1425708415.11314
687756.844993636
88232921.6385241
325139780.28026
143668272.429891
1238548353.70052
570272344.077698
87575588.0527137
19732603.9319448
4064458.50330959
50426457.1901264
25449764.7105188
21321606.9238044
5148096.05867875
3001573.87734385
374934.620333505
10394507.0596575
119310394.524076
9525595.32498265
58865099.081621
14760905.7392454
435560.24121283
59014245.4229804
1853270.64092018
11456194.1468279
97355373.3601843
1268686.85558256
16156890.4128544
189079250.870339
6023824.0660151
10535714.4891139
1570915.98773489
55340422.5747293
134141667.014561
7144686.87289257
2043427.32532052
44485009.133678
333536486.236099
2407415.61621468
11205730.3265021
25270227.196775
8554746.4297176
17476793.1619507
537247.958074849
1005671.7564628
4100623.03649546
6366.87681106957
9742921.65638926
6813788.72343371
36159099.1629177
2971732.71088753
219894.99801367
8447061.22709543
31538128.7353442
2958761.07735217
16349542.0838748
219297.944616976
15691884.2913525
3401761.26105025
8328536.23972243
1476248.96834829
4251733.65816893
38990661.0460546
11615266.0325413
755082.269405287
325031.718361816
1500578.34923654
894557.188519802
521987.199380828
389530.644183816
98965607.2731125
917143040.213718
538110226.719591
73072650.8680799
186028584.586882
50647205.5354471
521717982.29654
617920244.940581
94139372.5873929
101800279.2206
220060954.041829
4924175087.33485
105899807.762743
239038265.0858
22307074.3703691
135865122.96542
890645870.699681
18744354.497881
240975439.76717
42774601.3968084
74298221.8212664
112094.353974407
4372004.25412758
209055156.975878
13290703.1166773
5919982.91970529
209048674.842956
87803060.9515495
7842208.37586192
489971690.739994
532760493.274803
484841615.647906
13135111.2812504
1413738.14193154
113044579.396626
193005053.702164
7651149.04079498
3497331.74845859
48983071.5203549
4446787.49636344
106092404.588885
172050635.434263
502921443.936346
761699.018983445
4019576.88625547
196075439.414155
255493555.33528
659479481.263998
507420740.896369
649384220.686993
22757992.4622521
36990970.3133018
1106728.44817603
21723538.2594225
5513480.77278997
1534319.05469904
52242563.6446945
1506939.97814375
5925625.76302094
3829603.99195245
1023246.54051502
14623896.7701647
6532921.22207408
515486.087652442
372120.871353903
187644.332637846
8064739.47532099
61042451.2346421
11385870.1550962
255808.226992355
3243594.43341432
17264931.1952084
46797723.5449092
1856664.47222643
1723935.17542198
80528852.7571277
18069699.8726444
3752833.88711465
7463578.34577317
5129782.4237481
876292.624794304
14948730.6177125
363809.592841224
15796137.8561038
2158155.10927535
18159998.4886964
9529503.07943765
215004852.11209
320278.077638494
16637702.3662963
3183239.5451819
4966525.73717919
326366.53729697
11138507.4557062
26599421.7150668
392291.162377284
17575020.8120316
252846.696476953
2654063.68072772
836742.062699322
74369.4526277393
14354482.8465102
256928.124816166
45967311.5584329
470699.437740343
3701591.21466958
3582888.95192858
26216652.2444261
136822.887272195
37161648.9970948
7411838.15868914
23829617.1082896
136952933.88427
3850851.98003605
337542.1033774
11071082.2272769
42769262.2867209
2203218.09598193
35256771.260113
220936.848705738
48612739.3575874
2309862.43892873
6007906.01706548
196236.779855113
64057543.4968693
1198789.1321675
29183652.5252866
6731834.5428747
399832.874068918
4949636.40442035
12532417.640045
308807.852509665
340686.097863816
7971522.58215612
5530814.83595798
4778634.24739898
439107.627196693
7924780.2579085
211918453.02001
370501.777228263
7088999.06707538
1375641501.0255
3948413873.51806
5730805.9206435
71482771.4113596
48495125.2155985
1542375.04834109
1143476.48917201
15346810.3794154
598051.840192691
860815.888155914
22923713.1620736
8181012.57312506
7285923.87310779
71840.2095738304
1538563.91983832
141196.845568269
720142.599604071
12208102.2894277
16481208.5393537
7118309.59073522
4268713.97381653
40837.2158932068
1716807.72836341
119445.941032348
8093735.67064596
195868.762428957
157778.508449688
419754.777693046
6364822.4457
21384460.0312914
412818.844829193
68811504.246929
1624047.56280777
30282626.90655
23374591.8941546
25357516.3604809
9024118.38921683
32982572.9715945
23798123.7695471
93564240.826625
3360915.34644735
21976812.7442095
590071.843637225
3089921.96914802
25268587.1369657
67841411.4429385
720285.828696555
5681542.02338273
560085.646279286
162392.427921071
8148450.37367523
204151.212800886
2290442.45359371
1386229.82205793
2478497.41294607
12244687.076674
26717922.2318928
2233521.8365217
7604265.0472345
1669952.69050742
531629.117681831
344699.511751125
3515475.73173619
907048.806011213
312740.55439641
10147901.244609
51300627.7529874
108342.353559772
858435.684968204
76059830.882348
3922658.81799968
2417243.64718933
2180392.61765412
84433.8252156704
1630867.4494218
221745286.248752
895607.799573783
203287.26525366
13523391.859114
16558643.4301818
19545472.314174
1822001.40858563
2707692.86444699
33085313.2141337
24011130.6431435
9297640.72709186
3486973.7935716
447332.458571911
709663.913555843
7172676.0901194
2579765.87898834
1674318.66643996
388718.882794129
4235174.09779862
60781491.7292297
2981261.15295668
1208784.88821308
550098.191419626
683790.088165883
11762417.5939038
1820045.09387388
12240412.8735301
355768.095712708
3906559.37008576
2175337.27846741
738400.736294623
149337158.300265
12243369.3404325
1045541.73208852
1324558.58333868
1310055.02092211
7620101.02144644
9488204.64696446
34727377.201391
78989302.9407075
137156279.623315
1191671.05778076
52677608.7175947
63377481.5607937
46113557.4802455
1649806.2600769
2386789.34355749
408851736.800853
251505272.077152
26505065.8756563
3170453.34607853
27977958.7922067
52255621.8990824
35564816.0358833
34021881.5630672
121099763.395718
88335443.842527
25928937.1571699
410468259.535556
42846165.498742
115957247.084339
8377174.40432896
12738825.5551756
2851098.49011788
38338737.6416936
28023115.212129
6103339.86589837
4275041.08566201
877917.65414577
7937906.06584319
221605774.44194
888494062.11085
202679.10556595
17462414.8916777
888221.974462673
1983398.64648512
605880.627179584
91068084.5814601
15980035.3762162
884354.859812668
4080093.36935872
4311712.05877852
5509660.87374998
3375572.00156785
1588868.55074722
962282.828568094
4128270.27828834
1773150.15810194
1357579.94966346
9588525.25660433
19826923.5709453
2505834.22402894
3130675.58473745
8067093.31571608
115566116.098045
4728106.21234475
159216795.652001
3440649.84209289
52951258.3436101
126427813.004432
110301.35625703
1458092.14979907
14119399.3733765
16090059.1753092
2687717.07922507
317356.468920047
15203282.5248649
148571395.554796
86959146.3148151
7783458.57537603
579740653.530308
41201343.410541
1555850.80687909
718049766.816749
552024957.304531
93523428.1652811
120406243.397169
94072594.1641161
46271990.3302993
416922787.421726
1783436.40008106
71205633.2592707
3034871.62665187
7930568.42604419
3834031.33232739
9030705.55973631
68127261.6847258
190803.37427969
2064638.66274356
54983434.444116
708868.074477691
2285097.05695033
7725420.20713692
42055447.2786495
213547885.228895
22482084.4798991
41555565.4324304
568876.589848343
27004773.4673177
2206540.11570919
68540.3004420319
5366079.27222058
690677.6816812
97082178.4207332
4957096.22475501
1456095.54307769
24608310.2929918
40871789.7247433
20325563.534695
4562478.99734612
23468443.9367683
5138711.49165341
102523362.133572
11753420.9165643
2436264.83672613
3411736.04583098
70902946.7975765
2678379.45682416
376869.916432142
40045480.5491386
369062.242087072
869589.680312071
350071.571400273
1984283.81875652
360986.78143587
88408363.5585559
678305461.887012
15360284.5104221
15191877.787368
1304536.91761097
5280286.86448387
4365032.23185929
153944887.908352
150249535.999038
532998.863822451
662574.888412084
6138680.77387754
138447988.287778
2666871.79949621
3731740.67359807
3962148.52768801
25329570.0739245
118283.461304663
5331687.98339152
6438753.08562841
45552094.7805892
246725457.432346
256774.335876121
1906925.69242588
317820.948737647
3259897.28304862
1210685.72707798
21597763.6677036
18540577.9883722
1132670404.69719
95237707.1971566
33558185.2414447
517831984.145451
63228789.3137453
3195338.78427087
46806972.6169456
141300979.841179
443402427.99373
22021352.3139201
17141536.0603029
2356479.95812317
28602976.3084361
101391560.832687
57745923.2325182
13860630.0359598
55675298.9846048
398634296.812258
458979.709631406
24898994.9424205
468918340.68391
3780045.30676583
42000242.5638497
105346888.489537
28000073.5305564
118997110.661424
17972343.8146361
8926211.76979969
157715337.752499
1061460.39106956
102036044.562531
27538502.3975088
505972.394098958
42967909.4977268
97531359.0415567
222612.301277723
5054685.66368197
5954751.85688253
39858005.2413778
4371916.54494536
50416535.0085872
102330114.071838
2394652.70631193
38107206.4943841
141184566.900778
15269318.8592162
65664037.2963865
7771093.46275202
57982926.5262857
320015518.023276
1274938852.29265
1144749.13176263
16137778.5325961
269003.747111098
48231086.7307557
1261714.94205498
27745671.6005566
9121916.11019995
2089732.16844144
18738697.8664459
2107794.92548464
4704308.80766543
410884.205660477
2142549.384173
677313.909981021
6533400.86785506
13990866.1409405
3827181.12300414
104978107.811038
321700.676664591
19290285.6534713
2970213.38425493
19443268.9478693
524121.888204278
143607873.090449
30742994.8896051
761699.018983445
214509163.342062
64976840.6214508
1527572761.10002
333483.970306607
974973549.631475
441406.106935849
199700126.329759
227970893.493688
629563082.314185
219027644.215232
25949712.0195091
3861603.10575094
125116398.86879
669105388.113841
11371610.2452084
43999032.7139503
177791.550657387
7815660.20709135
4440593.74273919
3316096.30822058
4646123.2741353
8914403.26502213
1705666.24583147
3832057.11261979
467822.244150266
344045.551095208
7113421.66518775
155400506.954016
8306695.12252644
3218597.08870062
950853.212541985
1144749.13176263
170949.665197224
1445545.32377103
12928674.6113164
6015382.2269332
49950687.1549624
19919055.7497178
58029860.7385974
6312738.56398136
40837.2158932068
54910901.9752064
92503016.6829054
4367553.21070526
193017.826210278
39123791.7600686
252439.012076846
54637656.4710723
4837330.33202872
492790.343069852
2976368.12317789
204643.788329776
1196103.68038538
20480326.5210685
47213513.8032412
3408789.69929058
12527114.162327
6302654.16816305
415577338.486552
49259026.7134983
20302271.8484923
329316.374225426
30815.1476032076
2139463.67657594
212046.381313429
437928.651020511
6149986.70057395
160628728.54422
11875517.9970247
3138541.57634096
27578854.979552
35281196.6877533
3093169.21505424
164939.344842664
3044331.81491302
7708096.62577833
2214435.94130971
55537812.4662328
21141957.1557958
119835529.214524
10991885.6850225
7312394.74293322
26025193.5270245
539232.608133897
538867.607686819
37297208.6641037
10958086.6301494
11966295.0319881
5310966.25929717
444229266.323233
308172.445049806
236600646.499574
28419759.2881737
54199863.2149689
665406.57974599
694936.934402216
14064841.4928134
301193759.541597
62458323.3998952
18885593.5220443
86340831.8470211
146146988.672684
18366524.5134812
1340049.92219755
71805291.4084624
22054315.8982336
449556.180262917
40789617.8638717
10802595.1418873
13980829.3124984
25447798.522224
55041883.7025721
43744157.4133948
12637685.5812344
700876.261811591
20128224.5823239
324726.789282474
25769370.503261
7509078.5847021
14786582.0143205
131062652.327741
4515638.00284104
8031310.56232184
8217325.95341393
24798982.1516843
848930.215929773
4632019.93628695
3679152.59384974
91007618.761648
20241879.7380939
71234329.9528966
64887043.1147423
10587984.6414258
94171.2304257855
29382322.6502981
949275774.136988
68058.2156017531
113587740.13999
6952897.15148377
11635668.281291
7927769.16724179
58457929.8751759
34074259.7777904
77847075.0387611
3308763.43930693
436474.441198832
477876520.042703
105595764.35241
1466512.93678328
48751664.8228697
21006423.2550911
15150965.6230986
102900859.778195
7602722.40569265
45249475.5592937
3168540.24474888
22237152.3168723
59418163.2718326
14307136.6979751
46135194.4514082
3605457.54202765
307551865.262282
1638412.79456288
9445068.59239427
726763.726874339
2865382.46356355
1415984.09193614
6163463.07290756
1275904.48692567
106653281.445015
39728167.1160929
107607260.538277
1348927.23845641
402112.846754943
287533744.027707
45651832.8305542
1068725.61604259
919999.800333321
72499890.0545498
340008.409880209
3278560.83006371
8396790.74063179
216044604.882664
103926183.309586
574313.047363939
60169735.7602725
648789.37714701
13816794.9063225
681760.54908533
1611726.2489447
15107313.2236439
367579.383984056
1100397.80861771
5106977.52594942
66619887.9144912
257612523.268467
1708925.48159011
340261.85591452
30949001.9342379
18826309.2383159
19460648.1735682
8641019.22365427
4623909.09759006
11679442.0226089
38529456.9442585
187053680.463936
3385428.53905264
38695455.7768056
41950303.9375726
56998580.5498048
567039.054717875
10521642.2924036
156913285.10065
99908587.415121
22695790.8960676
3817709.59571009
6464158.93194136
18891650.1256736
14043782.818609
112003058.680329
481695.747946315
11578225.4644669
261440742.543617
70125626.8412981
15247064.0993101
214548.567958752
36653685.6052227
1581573.42478653
27096258.9809413
2559477.32501908
34988209.7816791
134572570.990316
825637.689658385
151953120.443231
3510175.00271907
66471091.4118341
17107475.6935094
1788596.88886999
10730338.8982327
5853151.8897344
1005600.94549171
2206598.33049656
32145062.9302651
22022705.4723406
359126932.404239
410891.463752724
5322959.25338751
4970487.89604143
143429386.375229
26250323.3932795
20015206.8417583
4365894.16774922
5775091.28081024
981872.498435625
30541356.710377
5470623.55030768
5763065.23723513
2768814025.9199
121406533.454411
48147531.2886701
125451796.935333
265125100.06634
25552130.1929175
245795372.040916
6779658.09448215
1340994136.51682
552332298.68637
242154961.699795
240015986.366393
69690826.7752347
27676036.5117388
72720964.3321792
219303619.96958
54514454.3471705
208010820.536048
40761726.801981
300648153.632925
490621906.810699
8542239.03355611
41450458.3648791
3349683.7188946
12097630.083084
4663332.90505959
7619867.90000123
506004.620169054
2736980.56996793
5934388.96309665
31362856.5029996
231671.707015536
6955726.318422
773989.552894613
532998.863822451
742003080.381329
62548.1108792821
21591854.1209687
38606067.6400489
28986061.927698
111253292.154023
133933627.602631
4977014.00311979
11352400.4113639
706869.070965771
1056353.0846759
62548.1108792821
763698.20091106
3767009.95457378
214386.259171517
14031837.1685063
8814635.39208484
3848441.61516657
22246815.0996685
5271872.1129145
1313474.64271202
6255287.99436428
3354236.50966034
21600547.7189588
183333679.736434
30125349.7303155
686639.0232206
5685393.36096229
4562369.74344198
16448908.9478428
77390705.1526185
75163871.17638
3513653.16437985
15392340.8521676
13530911.9804851
28614162.2235597
12232647.3277443
631257.741347304
1999696.74487392
6145315.68035088
24895669.9123741
4302615.93992422
59358215.4585243
978021.628269963
76320683.6385691
13676601.3951901
573110.909659601
153378.546117475
1587656.84450568
935644.488300532
74323855.2052469
677313.909981021
3742577.95320213
17127205.8271367
396758.106938761
436724.684287791
345484557.598927
20962147.4431872
8197379.58086651
377847985.173862
33268238.1878287
454937.631651749
1903967.0825442
13182263.49347
10730910.1812835
90274765.2077326
17307634.6160027
1773331.11048572
9779675.76605666
83681189.2032156
155359729.647604
8331060.78294418
499628318.035772
19130689.3751645
50379481.2225356
588148273.446102
241536695.904513
16756576.7360411
149834230.968368
117138186.66726
47429.3006834766
130863622.203399
169889472.306698
155279836.488225
4960504.14727966
11192176.6171272
56522767.4590733
298462542.578827
48719287.0520185
1015399404.79453
502152181.060267
59440261.3783241
7306784.68016797
90226572.6551412
266499.431911225
227156088.355164
2342932.31804054
3510357.85946316
5556099.93755978
274266396.526864
1685654.67379464
1226057405.48513
37002438.782749
13417421.4068307
70245881.1891472
54790427.7364679
76096429.4867879
197109811.891375
244865879.935608
17703740.2575334
617986.746341168
63174178.2111467
836076.053077144
822721.221376437
16649735.1950898
10253544.1968458
27153301.0023187
4059956.52521348
1040667.86399613
3641279.71549322
253478324.210505
10790694.1261104
55366914.0500935
2165462.29414704
185192884.537957
51256185.9879264
21900889.3576361
4003367.72287464
29286450.8109617
3659245.36126988
14425122.2766349
27618484.4272334
49255794.5336885
2293343.66035081
1544799891.39809
9264909.5546273
180016.817447628
1975197.55086633
106500947.161964
104903794.893881
792412.778106504
110269987.62768
15265919.464661
5110146.88592926
809998.614017921
286618502.300248
32151219.7238378
184254912.50608
165293518.164842
2727522.60606422
138970858.374678
83644727.9015705
7003956.71131826
47749023.7628875
10136269.480087
3385155.55349903
210192321.805304
20722151.6590033
219004018.647963
18347558.61031
610543.298224795
173837508.424371
838612406.543311
6950608.13216652
25254990.4653336
36881798.5951638
25015705.1422614
269494467.004435
858221.166783139
491841696.862218
20427893.1567307
49117453.7721154
997578.657458285
69050163.2208305
26674948.8496722
19988167.0796681
24509738.0903214
166137.725508799
13382216.4169375
31923667.8376614
7669685.08591222
4002627.11680127
69495907.7520872
2242494.14342239
17886786.5997492
18858566.3146811
6698791.59576388
37021672.1145285
89661147.4490418
36263716.216609
877237.770506103
9242784.02930419
13369465.5617785
478757.778696751
51818866.6735285
428333.214992006
40859980.233673
48073474.656075
1744230.90841492
814115.662636249
11198860.9760991
35487442.1521698
24357351.6230253
557700.081110449
37530169.4174684
196236.779855113
1397274.59144431
86136744.3606196
167697228.515409
407876.590370741
410884.205660477
381917.240646064
68058.2156017531
121280108.195092
153200.945884873
22774018.3405078
39563388.5662259
7344137.46368799
17888155.9271194
858791.881496129
256928.124816166
7386588.63485868
484987.485433772
175180.947777323
32102580.3666743
1026380.76659357
13364448.9832005
34010804.7496589
72014213.074098
162390393.903306
11746431.860732
779318.87474746
2623724.07777566
1875569.5523144
4646788.51367453
875857.302041021
13914452.2951674
2348168.93551054
11615234.2466188
304260.3436622
402112.846754943
886014.050039303
13288437.2268834
58782814.0056735
83590717.4679971
147399.929889816
763404.017655782
22980990.5308456
1300592.91330667
7101877.75704193
14356067.8000085
47404886.8323779
424534691.64254
1091744.8286175
5306484.10120426
22989358.8528431
521857.657384265
84434453.3278992
4314867.81685225
5674930.79056853
70607202.004612
85145493.9128821
355371874.708589
41112123.5385225
14961974.2175589
330826.777200405
722772.661885516
174391589.359425
5693046.90536915
140811438.014652
5901547.62439036
10229258.8377333
51969656.1430574
4421534.20679773
10056783.1066437
3450023.16042405
395196787.087584
34440851.1912843
78339821.593288
276632670.055914
3291111.20373485
1053030118.02611
2563755.88283084
285870214.591106
7262728.83315843
57270514.3595012
334548.342319537
87604517.8441141
328593.17907517
4736851.26629431
57668927.3280026
3845462.31309903
1661737.56472334
1668327.48160211
160421.101699901
69164.173418636
157733908.149874
550098.191419626
2642015.67145688
1661642.91726313
16610395.1056069
532998.863822451
10081587.6777496
4931611.27236035
168657.464699653
1737838.47478016
5246434.62039949
122285362.685768
44094190.8853546
50647378.6575438
22086169.2939986
492011176.47161
466797141.866725
6549898.61379889
13816479.2256544
385830556.257517
14445291.2291168
13829148.651024
449556.180262917
2038818.97332106
9431312.13111912
4793359.73148852
132166209.16739
11536373.5446777
1622441.54811945
10050764.312004
7566430.45142325
403233305.224564
154302037.720454
1910503.61323315
205947916.256859
25145690.9107461
339335.53026459
1482266.30719647
3686525.64738845
81491057.8590375
572204.196336668
5025183.05017191
5714050.80996332
446460.316980725
14734108.7762934
19159141.5876587
1574295.65765058
8996164.37645632
2591802.39613577
9477497.60332826
4587997.91841295
203877.747528598
1628396.94534605
833698.210355901
6888504.71120701
298421.085005852
2784920.61487336
32544724.7845953
7466276.02214261
448420017.167657
297960418.208256
3356939.44475736
624919549.462288
34231870.0989051
254032818.830809
66988835.8988979
22073769.7638907
1801561.23575299
853108.830014333
10826228.3674229
180756.661399514
141307775.46031
221493220.534522
507743804.9415
268007845.651741
258125858.312662
90382626.9342143
4849450.85634583
4735579.7245184
81845.4708606526
1082257.07652464
349908.291558127
2487626.73419311
1231938.83963291
355419.053897075
31358576.2080623
510577.401706782
11268328.7466761
977581.429052488
43342585.8305639
250365.550741325
1091997.58491065
645745.140764647
925498.060528688
416778.291915542
20265946.7493648
34699426.7152141
25077406.2685893
1140108.57853316
22162418.8935558
4298150.55457622
52094487.746409
860409.871904334
14991.0071332605
19044263.1304376
1938715.47272314
255517760.357983
2371034.95706538
3169923.62907398
117586954.426869
62333415.718412
148719226.53085
181423141.45912
671246.231796358
3888022.99395562
16314741.503966
114344929.925883
8571449.05423112
61549781.5615778
19082223.7232754
25954666.3166778
939108.73324547
1532849.90155598
1520711.97380468
23235135.3756219
83253305.991791
245580232.406344
19274682.1375521
14314196.0028484
146930341.501894
379830.520404686
20365723.7886755
13970449.3978747
162199254.784861
20230920.8476346
5999562.89683305
569683912.143255
1576796.90102796
76258112.4000713
2085453011.92618
259710427.962275
471649169.341049
707559.155657186
336059.861338798
1920294.51751841
13539452.6160516
1622249.89219647
69164.173418636
12712838.797259
1885838.4939899
1221446.29715456
10192657.6716208
17329809.9184295
134357052.963721
3893114.3579689
1956999.66785073
1099712.76595645
45819257.8699916
402112.846754943
24350064.2602961
5939587.68539995
668221.656924405
811226.116401575
341431.181733891
7115920.255565
3189109.62685277
402112.846754943
9070956.08448733
24236969.3928696
11483502.8286891
2113918.72909267
2530421.5477939
1835862.74331853
74577522.8630341
9775494.97438583
2985335.14461504
42947014.8919928
947182824.802104
3847682.41722019
4582788.97006001
11778423.600267
31913592.0471269
361806.259736845
484337123.957801
18778435.0261589
15798183.8541796
4304132.69582724
2519707.9127698
71923.604573816
41866461.0326816
3097167.72297432
38987742.7000083
1710268.46672723
737153.590163762
3706754.18871841
857227.781401512
22397678.4911332
686140.248532334
1214231.57835052
21346314.0538606
2068600.44160328
91457349.217644
1065853.74202812
1085699.94783054
3367350.95351243
1110811.47691629
33187229.9784221
4908124.14946709
4535226.59276323
107274.283979376
624522.820815284
4974412.74419315
18566900.6136396
179635775.313116
180016.817447628
2651525.88359847
776698.213733822
23754814.6656368
1736464.09128117
14262341.7945753
34626430.6991696
176438.457398012
17966410.8365648
12502132.4325247
29122597.1456192
527906.368168326
460468.396395207
647550.788570016
4409534.45646227
786960.982671462
42442.4023253211
1932150.46219046
25531705.3351546
53464545.0975221
1693876.22692973
4067701.04670433
328947.541123584
1277200.83356812
5559370.88144722
2651011.38888072
23702584.3864784
12025032.7418628
6858770.94411967
7332564.68391639
2296353.75604671
2478273.2004261
2799833.74425874
57409426.4589068
36625603.8163232
12299393.4916519
4910554.50684604
16609685.6136961
12708974.8180613
59052277.2980022
282756.661050882
700876.261811591
13656354.9077692
14229863.5635828
101948.331051719
133183840.239852
791545.751989253
13146966.018165
337811.00056937
9159758.6556344
810061.014698601
200526082.58854
283031855.070073
649453.578564947
5429829.81275232
407412.826480992
6117720.14440292
25935168.6162632
219064.217956834
4742811.7894503
5497655.07603315
382292.178127885
1611521.80662428
70081169.7227431
2678761.90188435
1463177.29697848
266126.934765929
4953077.29424286
4657801.62567323
2143097.88489801
25068612.5833509
5245914.62896017
131664.993486767
18132870.7991744
16799361.3952481
3039573.37848866
681242.47086976
500563.553825506
296185.048703963
291512514.832298
146796620.348654
91814599.0935868
15100449.4752209
204279684.074964
598968250.083816
840730265.885219
173771505.051268
81832141.5451847
9019115.7523541
113014117.294067
13769738.7765465
12811921.370685
28056880.5630049
332098677.21253
215274008.729434
1798637.33378189
1089011.8978183
1341710656.3969
49781620.8266881
6773590.62237826
22938608.0505043
24391360.2570033
95259312.1763707
100798690.53972
72168061.7789671
14868231.5408831
14002396.2575692
35464383.6059834
6191186.60859171
69617593.1112892
84736.9647419794
38137815.2051404
555235377.223023
129419604.7384
850389415.859422
133600579.796635
498586224.256017
179243732.235211
2485608.93333424
11638187.7051322
899790.248829726
9504207.83292439
599132.874719159
300217.289542096
609352.960362035
1084996.64489491
55019803.8721426
29685510.871482
498901307.567238
202228386.639236
305769493.764085
315316402.92831
31559728.7066768
1527122.1698756
2112440.74502253
1384453.99859761
1040014.21145282
1348927.23845641
119934331.622252
1299128.44602939
85001091.5913372
166702386.802545
91416688.8511125
17482292.8980751
12761732.4481488
786498.480485145
37139509.0553862
20637585.2688271
1771920.25443236
3028215.58203759
90756472.5925068
1602388.71649034
876292.624794304
19694540.0283191
995391.911942212
2330961.93565435
853108.830014333
173992915.496496
35239459.2052432
25167239.0841188
1599448.86577416
368457.661833518
12099332.0352392
62443106.6502289
6463450.6784858
12880260.3817023
160966053.688013
4545557.18818942
2947593.10615245
33140809.7549627
22716178.110403
5312922.97467906
775151.052326866
1328079.36171989
25806172.5041834
25490908.7452767
53254095.2636756
65252653.9142024
171659.75580515
5965689.9659109
44704350.3789663
1186526.60312655
14203828.7744922
1341460.59357622
156144132.979431
14398416.7621653
10891279.0944814
3036239.552742
6972847.51428419
707594.015532433
1581930.81138713
2862701.07382164
3744113.14389992
16233563.4538061
4643486.99764175
10293580.7787526
2478503.64935294
1528060.18843481
7364809.82756537
4324650.87765484
8051437.42323913
6298609.40905509
458047.769627516
5132553.67528672
256928.124816166
8219724.89674425
470163.994837717
763404.017655782
11608744.4941971
1879675.36819443
248580.719253858
126843383.370563
3028545.61933024
20110002.9500004
12569995.7724558
71923.604573816
20806902.9845224
14218837.6240818
1857591.61451512
176301.122549866
247604245.004662
307698.774330161
4672973.47037569
13691656.8749596
25894524.5123894
53208.0280956799
93115401.0131605
233135975.12846
887946.566919319
11886819.1728901
152127.715533195
37941564.5711515
61599359.0297392
65083158.4191657
7812170.74662391
187163.248081163
604488.494464574
11842415.1905723
498202987.294263
82375812.0844946
105559430.906679
3915609.67032262
11494853.2014151
1015026.23768746
44329471.7541882
1113115.56703815
103456939.562137
18057404.3276202
44230533.4818564
17937719.5376014
13039184.8962305
11041513.3197237
59287961.578715
176339005.122533
7738909.53627332
317568830.676212
7938224.45691713
12894379.8289603
197538255.35769
412818.844829193
6311249.99369877
42164446.456372
6023140.25883953
2033688.3894422
5201772.13568631
7751884.22370718
189671275.834988
528090.04079148
538867.607686819
1667069.09834005
1447727.27910474
16573150.5905532
2618574.1957585
80616105.1272471
6048725.51438133
5394272.94288171
269601.000456989
8060698.98183826
4532716.66488171
37163938.2800657
324151.26433439
256549.404965647
476242.071576946
12215269.9577618
1025549.21453322
1579879.02764139
542683.351652276
6943591.85997501
5922886.49111632
64303044.2726468
522770.866044259
18781247.0977891
706869.070965771
26566995.8575914
3396957.26880913
8637475.90210174
1576866.15075867
11815225.2221735
19019380.6095403
7917352.73825832
12496689.7743716
47692969.8473784
1108402.67796094
108891070.722061
337177481.29369
57150639.1378233
950502.612070876
7738961.58820483
168540.270958915
63254174.9062427
95961037.6047611
462258.66757471
12560158.1966735
333622533.229074
41113528.4198269
16800459.1541123
5215642.52506273
12156199.9130112
4726621.32886434
1190151.66901546
27540629.0579196
515674.859954833
7030067.88455898
736021.709077099
3245159.64121305
47205.9056016399
34134642.9936333
353449.378979832
1007419.34465883
9096090.67561139
70344765.5515953
1678959.76332798
360283.644106511
914517.488001784
11548256.8947417
14101081.6077901
361806.259736845
51240373.0221663
3072333.59671641
496611986.372326
653646.099131414
88996192.6896179
390622.598002222
79380959.3029199
204965898.764133
68956089.8311978
346992.818262677
2055012.12881246
3588000.05686902
26978543.5472296
152006480.709763
3955944.67324726
166448.618922954
372715043.966474
468477.922583921
69039837.7811808
17287947.4663957
115946059.668211
3310371.37268678
1646326.8053341
104614933.78331
465758.197148103
8251236.83808883
548823.066125757
890013.033197558
175180.947777323
123260.59041283
47905789.7502935
3862646.8838108
15874308.2803882
3984687.84043075
71016688.8388023
6688441.47828243
223261425.34755
8606105.12792464
384241423.063076
636706.87969313
6668309.94510713
2170609.37333427
2572632.97154794
102863716.790014
513098.809931294
323459878.713503
186044906.612345
261915.174443585
531546.464824074
953877.194652939
28853957.5621168
76784752.4497374
518715.526165412
36445079.1941123
1087769.05066222
83366902.5176212
39895246.1542441
185800.738834919
14792131.1472825
3685441.02314309
116763677.409029
858791.881496129
9363339.92341813
4355144.50972413
757329.709144276
67729953.7109969
11579758.397305
10233509.3194471
441800.203843459
256549.404965647
20223807.2265549
241933.195178805
122127794.754117
25276909.812478
112686420.106153
50497536.0809989
5115458.25338384
35393979.6073653
17712502.5207727
47205.9056016399
638115.808869767
8335929.83207851
794208.464960747
119537899.883393
2028188.42553275
80195770.7395682
18593613.993368
706869.070965771
16440381.2529193
14100065.3584451
13536181.9934786
777174.962981425
11531124.1993177
932413.528531978
1046581032.74522
3522673.03569874
2724689060.45682
196446501.473437
164675502.997165
21230432.8859624
92816715.039863
15267781.5394346
39132697.6317461
4656969.78842184
13581733.2763898
777174.962981425
11546541.4026077
1933721.10752036
2092524.28753952
9872234.61209338
18510085.6694108
34774689.4644599
24399724.255641
60941843.3942039
33232421.1856856
1577639.79959231
78463380.6745501
5820671.61831914
15511568.2217045
29448649.1705008
37201559.9119228
3529200.18557418
18104538.8385161
42951245.1101007
9524880.99140847
1222365.44068832
19625853.2689511
357076.216427789
200428847.73181
491472.009502303
1779773.82223576
609157.905017972
511492715.844677
264461721.642864
1354542.97257636
496392126.462724
738609.365675565
7433364.56373338
559696.886034139
420414.609351394
3630189.89875769
20516631.7825476
137060.209013092
3543968.65124618
165550.331454439
12518893.3096683
2418204.96297861
296734859.931903
1015071.49360715
3149765.08087546
4815304.6725047
4748974.06535637
221405.21275577
428772.518343033
2075418.17483113
6420788.8127871
3393772.20383964
8366515.19861831
5552117.53331476
1986327.48121132
4477661.50242569
1791057.29358317
3633891.76034377
3494341.5930863
47260.9681714864
24712259.3130942
694936.934402216
288267.061855746
152971422.269052
208097292.347644
28077646.5765072
12453624.6554833
16387976.8232432
1126289.12333394
254670305.661719
562048586.184639
370430795.52979
41786898.3784186
167904929.981806
1411968.45568269
101699577.491426
1557996125.73353
861346.525137941
113810.393911297
3162952.65574988
22812915.5891631
6041756.81140461
58025901.9068397
2197334.93467877
6370253.47437419
10224480.2463069
614769.214621122
990902.841608366
212679413.151793
75107950.1549244
6868595.39465023
52533485.4872755
66001050.5013868
1056180.08158296
326475.829603921
3696029.49828292
26864229.9241227
20885374.7217315
9245639.13343095
4090500.9345519
841506.956827227
9760220.67385392
60027138.3252765
4229354.82908189
83547496.1885792
19257341.1030249
40950646.014169
933238.414674925
890013.033197558
107274.283979376
1023553.39674015
68058.2156017531
4098429.42328791
33719059.7109822
4115538.25202629
176870.971962534
822721.221376437
1396296.93813844
179167.031773248
385871.677661014
245293.507655395
2328215.58036102
2738298.87959751
6214015.04977181
1270662.8283009
142363856.859841
30095661.1409584
3747256.78789922
2206275.49478359
19649022.0185363
47118195.9927366
1359820.33053511
20967848.8232054
23978278.6644421
25656620.143593
56808746.5949248
11753754.9467618
110101906.757492
143116.152547092
68058.2156017531
92343.6258900624
53539393.4127754
155422917.168872
41647260.0719749
40848637.9104416
16162482.2487266
760146.211682689
32319294.7439762
27353887.4599785
21821267.1979695
23098666.2568354
4501209.29157298
22072326.0964176
34590224.2248117
19122984.9689553
158667098.573916
301365646.794606
134848673.872733
88000129.0992527
642603.667872514
124409160.446441
1382143.88582998
23458887.3737305
46020757.7516507
3628084.86940553
70515927.6620341
7467894.91292641
1447605.79711938
73596933.1697772
18385870.1286895
156674700.25838
156664801.578845
23563905.9394472
101948.331051719
26347389.7762484
7740106.78726041
235978037.571823
1293486.38815097
112315926.313143
52676740.0210346
83707562.925618
43446885.5262066
362051.568505427
304400215.501085
409613.405561159
3048473.51622691
61881967.3246006
59660992.4787106
1550135258.07443
59402600.1288743
8198415.16026849
22616530.1737109
691707.415876198
82544012.539681
4513887.37020138
122099.715687182
7231451.80907642
14401410.2692141
248561841.997957
19239262.5832576
10124234.5984014
9628195.78914181
763404.017655782
40060361.8604765
15326617.8757609
38128601.5421047
238201731.390181
361258.035569389
44346775.1912722
3113939.44876747
196251059.731152
20827993.6808497
30984639.4268077
145507729.290547
10975386.2973163
917542.787190899
7637547.87112831
44934278.9914931
3549647.42148167
8598687.26928932
182522.89797802
243013.65318102
8708265.73520379
531855.138716275
373362.642608144
255786.166424174
2038250.09700793
13649486.3935052
7821811.37940478
44663809.4972188
5129716.50847147
2596859.7990469
16447446.5266637
172443914.107618
2617950.11866528
2408193.40932855
15799186.4151037
380839.481076694
2970213.38425493
1043673.0903308
13133345.873982
13821925.8212131
1123425.12326249
7100017.47357273
6519664.15461174
7665009.62991192
4247534.21137742
243458.687044244
825637.689658385
5405830.67299008
163648.32095436
26947195.1231123
531629.117681831
1012483.23450321
598085.797914524
71840.2095738304
2715159.89932691
1137729.34488287
9792269.3428804
65636.6223143698
2354137.55725418
642698.136842206
81257.929590454
15033757.7739185
12238985.422128
38706595.6248259
3694222.53855281
1101268.0704885
3371457.93062023
5702907.63545482
73676163.2449519
312636631.906553
17421301.398404
317820.948737647
361513.322799027
1338615.63417887
33087907.2855341
1283521.76345299
1551176.97635864
115543357.934161
1594554.81342639
34282560.2905037
8541015.14874668
16870869.3029967
73220654.4005867
1326405.40380799
37750046.1543083
79700040.0673044
35522665.6675639
20940662.5045122
52547700.1207039
7300996.57006194
1421439.51554403
328947.541123584
1009129.41072228
4504522.26801297
477972.386047985
3943415.76633781
11676882.1453118
1709726.53936562
29979059.1220383
24596127.7512241
4321736.54650955
6715366.49594063
14251806.4026918
2650284.37849489
4967934.28693984
1341991.07039893
3296886.8864567
73120119.4546705
553313.387349088
877377.555556721
40008843.5537443
33380661.3430336
131916781.595528
406574.582134403
179958356.609225
169456122.44003
2585635.22198233
23809268.0339701
1006623.46256138
9177873.80793123
6702700.53941037
3091664.03893883
11320149.1568735
2086636.43336471
31798042.6274243
3032340.8769362
98368.5304569577
647550.788570016
1826696.17004199
229907811.433586
54560934.1953495
333971355.60545
304000134.005625
59604594.9300374
18717819.4562748
36086362.9974249
1403423.32074083
1383591.32976827
670049549.284868
25676783.1942931
53987309.6346088
715646365.810365
219153791.257925
14221659.2511356
3704762.97462382
172844398.18484
4121080.80563566
5983803.9668722
754510.434301889
248634255.091744
22125806.9266487
96975089.679464
915393.051905183
95993481.1918306
3987836.40628857
229819075.36908
5613122.26703176
18586957.2770679
45751963.2470018
74766496.3360799
5148205.5899365
125231065.964743
1012780.89094302
694237803.79076
2741622.73078114
142282312.837383
2919960.58396828
433369.414239086
26147476.6471002
12258358.706796
288992510.490247
77089.6395581056
96897493.5758016
12155970.8202189
440751909.61651
95735153.2007552
3061004.51577907
122994389.914496
113245609.058787
719076167.530809
84281530.2288226
68360624.3790411
1110346.46816247
70588436.6939169
92119793.760821
172483388.032315
62891275.0743999
12708858.3148522
15302112.7602043
40878419.6346336
1566164.75428089
6571925.70009273
69678339.3969398
2114104.75513671
17389667.6417462
206190570.336404
267709788.556937
209384710.506002
2600696.97796549
20382438.152347
7005809.98829145
1091021240.48867
92855561.7625619
11503437.5605212
79606696.5052793
117812885.23823
14793315.1615617
922017.746760822
39799179.4795713
310882742.98872
11055748.2855088
51798375.2121758
7676432.18229037
3066901.22090211
34521863.8290372
47754621.8799439
228053340.520634
22710316.0886604
3426435.47420504
45696398.7147385
1668101.48433154
51574321.8768049
76601127.8168553
929003.694174596
20429584.6368615
93572161.6330263
11573776.4609641
3626501.97579669
1236647.3175751
74660410.7035462
113260192.006069
3156288.70673652
30954156.7985788
12795382.7992725
210325940.997697
1180278.2797027
5992921.08937211
1620866.97743383
47152778.8981134
1597952.00590982
367414812.291954
49341279.7419871
150553.895223034
5506599.53833863
48581964.0374229
73629567.8391789
408302.425601771
452203.789474618
1321206.33146852
1076892.64995413
1774507.07834507
3586418.88284882
12581024.221377
19648019.9602946
1103790.88386032
30080791.117983
3098067.87781271
571164.336409409
13694796.5335488
8967031.72055284
188575.981813556
9810481.51335949
311507587.329041
131465590.508769
11128995.0256353
118188369.145387
93569534.5978853
60056731.0531862
62652972.6233895
7412903.9270588
44174501.5155918
23033658.6245389
7586606.11853612
2494790.11249017
1062005.32110905
40832132.4427153
34492996.9761819
146724756.414304
1402143.21143858
73464616.9398727
5671877.66136071
656761.986426392
10619546.2116167
4195476.82673468
679121.529256805
431286.64440668
4289871.71812778
261577965.529623
1914041.08822352
492762323.262963
1352017009.09019
294097252.485669
11821271.7844082
16561348.2652499
880056.752286601
12800013.8142476
17950009.234517
139910905.015098
79985281.4563015
12572389.1109646
578984858.089749
10348089.1030001
183027972.358685
7976554.16754067
6919853.01197452
158399233.326747
35572195.7332369
261315963.856781
2910175069.88189
25309860.0637542
1685346.40630571
8632131.00487588
726113470.990275
102787619.364829
25320872.6812745
83348802.243188
47917580.294557
61361483.2179656
158283499.284189
1984015.07827998
157004796.4741
1065068634.71455
910517418.483096
13259001.9860546
45428956.8957444
39345813.668687
7139687.06411995
2874555.98114178
1085418.77921053
10506753.633048
380997.32274793
53126100.2547605
161486732.34574
245676057.223813
4270601.49755761
230905532.886639
167011126.921157
4255887.70337651
377669754.187255
296914.702406774
245371080.74577
53512103.0339549
2291592.67200802
146983833.387578
66970135.5967631
13083395.8370061
17863416.4258208
264725341.061432
32561195.9194431
841199402.332888
466678110.996168
62083497.2980413
227720869.78262
447273732.294916
658446614.00108
270570530.1581
6202970.25262257
2602586.64779096
7006089.39815524
8739810.3282288
25856072.8097057
2881865.89404938
317820.948737647
34018004.7798043
59360944.8713049
46661464.4708625
493377161.756853
22354843.2080029
4849450.85634583
1210682398.53332
2959057464.78105
598417226.961032
279717508.482254
81658639.8271666
22355687.4383535
145147707.787623
253641687.566472
650838625.373572
1465576.24437029
106991575.769888
890013.033197558
25483572.0850979
11792051.5477248
2163926.16067981
1540222.75965869
175104750.34395
65617046.5413765
1893429.07392651
2802763.24845881
157536506.263074
74046.2621759907
632729.55852849
3042177.68590484
6045654.84459071
700723.791109291
4381307.16953109
3413041.79656455
1420006.57604719
367520.705037133
5055602.01463047
617324.972192947
1253051.87095603
598203.145965247
5316291.17681831
3420992.7682388
19824834.0883638
613830795.083871
173052653.041463
753280851.607076
480901308.390354
13219917.4688975
9360078.21127176
1473518.81696889
21088141.3733045
54659046.4913865
6904673.8009668
114048211.936854
168540.270958915
14832943.9886681
10364616.0622926
2859676.86743512
7344286.825732
14697853.6732687
1808569.93421887
22607643.9449295
827055.833738825
337542.1033774
23086124.5391496
3537283.70329686
20745664.2310277
137897.183850156
16967314.9860409
593923703.665727
58116866.7054605
786498.480485145
117842227.154701
2451288.21447622
4863440.38224807
2158276.46008994
3073919.63615947
3389903.58082992
26875446.7804865
103948522.298643
373591041.841419
5157852.86495955
9422323.77779776
12701254.7560454
999750.040978784
3443500.5188307
26787330.8454429
475834726.17458
26796086.2832295
5997832.64517232
1050327.39706413
5515908.41624212
66658093.9867282
1392041.18007369
8207745.24646482
24904280.5276302
9111978.80043389
2918861.91844574
7479740.68764062
34066624.5384246
27928739.6911014
2736602.7826717
57666260.6101038
1734968.14412891
35140379.8768785
1560524.12492813
1560628.08723863
33887873.355563
218342.503487019
1237361.72340797
86803.5446416227
686530.507563136
777174.962981425
14615492.718452
3509481.62181835
753335.685553588
8733124.07690235
13654286.1515973
485398.871788705
494627.438272245
8274045.62847007
9236672.08557594
683868.69189956
4299021.06388061
5958346.21085601
33525323.9799608
866847.83769503
2004080.35621902
883600.407686917
3146769.81194813
2356695.91720722
502313.326047918
20358738.2651616
1341402.39596459
21643228.0827893
2611954.20709759
74835138.5828488
6365028.65071566
32136851.0049211
58405796.2237207
2110407.46047403
3960901.25840034
4010012.63929363
614150.11272061
65225392.3695695
666701.696966815
47055367.6645403
115081.843001186
896565.724799513
2694452.64702189
727649.027958203
1997034.2130698
1327437.26061488
10381899.1225312
16585597.3981616
3841065.5383088
2029927.59187893
4474561.93585863
505633.642397425
1127398.63944988
687003.099245704
170563035.168755
683397.624601592
126439462.663106
15294849.740432
99004081.9304892
4679507.90632785
25821868.2866012
74969463.8788933
936615625.188549
97198346.5694808
63496806.0036573
8363168.66775942
3378944.11893717
52000067.0168773
10065138.5453238
58658082.1699765
625554646.147172
177074163.283219
3479200.46344908
193094526.056586
591245393.350986
598203.145965247
421210.577474692
31085834.1649224
202463613.399041
3624913.90877833
22255529.2092972
110504445.143032
4582418.95351191
162687.383071126
351120.921542285
6109109.77348556
425138.4566312
654580.281452487
983385.58462053
210783.24762375
3523724.95055452
1090232.06625728
10729090.4984429
3168063.16739515
761001.868645632
7235222.3280486
1804326.39299259
489034.770555791
150440.216040996
3546635.63022277
931516.394296207
1865905.86084873
7819267.38919317
96376637.0313925
126744551.170701
38421093.8989969
11543841.9719348
2328790.98574052
1394542828.55377
8467981.9895192
8582174.74865463
26382203.6448156
325031.718361816
2133121.96526594
4027375.55913138
4551324.06920806
8444149.38068726
1133315.13177377
71134523.3160224
127517.04552966
1653043.97352187
14240537.091136
183739.165022584
15216792.0461899
84553783.7201379
7665193.71416132
686976029.727883
289963461.170653
1130609.74929643
516884942.663407
509356765.53824
8893806.35630424
11019088.0104245
22248442.5772533
1007084.76410301
30588098.138468
5815490.83916798
9944217.22197228
340880.274542665
457547.867652238
2920975.41598101
6655706.88413718
53689833.7277432
10293044.0353407
2239812.07773666
130679780.996155
111805005.057539
339560.764628402
4219967.86895132
6375734.58200289
304402515.526763
3831759.33471863
21163667.9007239
198379.267650219
291074502.03748
3929955.08707272
194908330.812846
1029140.67080218
1296476.03510609
46171.8129450312
101643.63262683
14883965.1944408
25432089.8494695
508936.687251228
10046266.5209584
267873053.768461
2974352.87444182
380858.362667927
3429117.69132436
3599152.16822815
6239064.4379087
3495951.43400269
2943952.43034076
8843515.59270099
696409.016519071
71446354.6820415
428242.902374294
2782064.74696735
109937817.514031
1573358.28419329
1187956.52245612
1121064.87722754
2216511.44497187
931516.394296207
8692042.98704024
219064.217956834
5424281.08581454
455663725.983021
64874358.0859631
210845.259962761
406289.64795227
4105443.73475412
361889.181745909
6009875.48879883
29758884.4942351
308218.874453735
4860195.70122676
1004626.65209584
2950251.07189081
11931335.1698867
2910177.17063017
39469233.8669183
30746572.414497
802637.838860208
239388546.454586
121071.109506172
26634763.8076666
28782944.9288107
3914277.43772935
1251013.98261492
334060.873567937
8896427.20732572
852533.639674524
8566118.33596308
32564166.3829967
1905277.81603422
146815.622849828
3232282.17406652
7375727.99907907
996937.126552266
114854205.496444
2839967.997157
1140889.27204187
212822274.815059
116836148.707943
1701679.88445165
25554166.1920428
68527012.1568751
9743365.31205505
133428659.650684
502029437.044286
877237.770506103
39363647.504952
1389873.86880443
3277573.18341715
8935638.2992129
12463579.5635024
1689249.49406634
94152729.1998631
577261.578760189
987509.26513855
351153.262816188
6697204.33508922
2543957.14099034
59211018.0811638
50904049.8546388
7918110.74447854
413453347.52682
28696307.4282219
175158286.793033
1429096.41549551
150440.216040996
3236821.25132096
10698575.5071628
35815365.108632
9155739.35800779
12765375.0363496
2719237.79348738
396867.456625764
118955020.244862
30762500.2175672
441800.203843459
513407.586552896
4438575.71515512
70960664.6904478
1779922.99882435
281945229.104433
6326206.79852994
5666226.71822768
283083085.401323
34753997.9537747
5870005.5676971
91500280.513264
103421941.96669
4346794.84743311
2467127.78691204
404605706.154167
11281493.3711037
125059676.780628
70423274.6737895
19594081.6258543
6901944.55470578
5727592.84837883
29477443.1961349
58023343.6653937
23313677.836061
3638536.54863209
9421775.9395084
172280552.579477
3692014.41515688
110732679.926594
42976455.9859322
27889492.3075497
29040207.9128144
20175412.5902466
2034804.85642764
33988497.4073804
80962289.0236016
67309798.1555586
1819447751.45608
24152372.5685001
44773643.946707
4753960.197072
505262.700043056
4724549.72642307
101372.528770353
698148.469069218
821292.559755273
5423093.78302058
360283.644106511
151645.87721725
250386.928493463
340880.274542665
244858.547234148
150811.584604329
374156.895983908
202889483.231697
14842932.5691194
186789777.904188
50763823.5037889
80265553.9569422
12455077.3570289
167286267.899506
2287724.54577376
2785589.70794272
10240929.6183023
1474756.44311707
41209396.383316
1450233.6108615
74171619.6272355
21782636.774889
584689018.214689
1485106.69212746
9755214.07839081
8497003.03279378
2310623.22743705
6319263.80409091
4346340.79039818
17305354.8344944
9555779.65690806
383421.814308569
457897.804329357
39643347.8941314
4448163.96457332
276656.693674544
1086069.644295
98718585.620566
113850015.502397
53887826.0081551
653577.609079605
2026219.19124663
28635807.7153441
192146107.063043
86700744.9583432
7616214.0131377
176301.122549866
39562967.0292172
19652185.3170822
12026178.7833281
173432.561532203
40130443.1732195
534932813.507079
4510255.77286064
491585.481039025
2144449.70905431
87120825.6606853
6761485.55717869
14964057.529258
1321601.87511329
23590094.7630688
75850342.4429092
4603431.86868511
1629769.71657389
2156076.1046527
161205329.189361
7399052.3027866
5779228.67936211
7695932.51983235
39397521.2924851
361806.259736845
57837228.7019121
5108130.12304571
74771127.5725867
33658634.6500504
19488092.5653547
390231.310163808
3921171.47011376
753200.270101702
6292289.68604655
781983.106090674
36739227.794753
1123695.81587255
1044192.70522848
122122.696288716
5931502.32943046
2921024.8703853
2842014.77059919
65062349.9676166
1857809.29304731
3706234.99155065
11615308.1853382
3964208.6590982
2612135.39193046
1613447.84314944
165337.835003966
132219542.689364
61739683.2673286
3783343.90673653
3627126.00729449
106486933.705691
150588411.154856
4667435.76599911
22901890.2745945
6904326.09445863
30501544.0125032
141988607.157686
2602895.91620983
4254271.26453865
92411689.5885959
25679227.7465836
76871917.009026
12255465.6486903
654580.281452487
176301.122549866
22771380.5150505
9105139.76534455
12065504.7664141
54277867.6254754
4746764.63332501
46171.8129450312
8935898.4390271
81403012.1759882
26298592.1450888
24813583.1747451
44799640.5159815
153697457.931504
30618577.0047291
9016655.26740627
45830164.9286299
11180482.5020552
3968024.78627211
148352223.963774
33881555.7892872
10113980.6727972
18730133.3176969
2233211.60743246
1544937.80224635
2918030.76428647
2453520.13158747
2755110.6731843
20472526.5787831
32264620.4046208
98208.6843165865
23762544.748644
291777.988009
111271114.575972
1018914.12747067
6450163.43463942
3726369.11958467
4505947.24043623
336059.861338798
448941532.632667
163581326.98796
149773579.721042
7899136.70064527
235552574.53648
58845212.2523394
185624987.605074
3153853.60543418
1836293.62353441
14413913.2123318
11232234.5125646
2606751.09465873
68940895.2842132
88481348.0799555
9063425.52465529
118535570.911615
5562832.14181684
35898407.7998367
30435885.6920713
7189260.20457806
27434251.5263528
20542879.0987465
73510352.3801248
224492.506859627
167311614.458379
771114498.010296
903256.926172471
1203376.79464426
2559127.60344166
793896.529176986
4264265.87725061
2309628.84921665
198173.810357077
76170.6102315353
163753.058716204
206832034.327408
5929459.6470294
43671481.3969524
214756787.090587
63669771.7163411
3715141.79724138
5685589.12505755
2469336.46162596
4942773.51280161
1162220.2017107
64565862.3325689
6751026.91715539
5154447.75932777
1097176.78744077
7680886.07751199
5458232.86652524
354863.103474617
2566112.81648814
27289576.880349
19915369.0971151
63431144.0416625
9162302.36098605
2216131.76466997
16372543.2340389
12077767.57762
25823866.7071821
31596450.7597206
11539939.5422013
2218711.41955151
132923727.042973
2873322.17817229
1356761.94237066
277400239.176264
2252578.24666789
1401828.28269403
2639755.56836029
20461576.7111718
88681460.1668266
286173627.756487
1589430.41875721
261937059.717954
1675352.39183666
1951643.54316055
4062959.33083621
225595.764265986
10916565.5230614
4849450.85634583
2677901.4233459
119041115.714368
52350842.9559456
144092899.170761
1963043.3309257
16025234.8749423
611375626.526602
77267062.2515561
31008640.3023388
1406878.98134382
4186855.18505047
229508566.10564
29318315.6298519
3892693.51203054
9706000.22909891
17022886.6618648
208261485.131859
9625144.61371215
133672699.701611
2666871.79949621
79669813.5501234
25620388.662796
88666701.0175837
219448499.000263
83889212.0038614
3414330.42424337
55174814.6878855
9710233.47571129
58884830.8609741
2545146.61063441
35215176.7646663
27935357.8177825
8985869.84612937
62752173.1255572
1268842.15699127
3985069.2236179
6065470.71843405
15128211.73159
14458094.420645
36298720.3040741
507105.420385457
20207554.7395694
22893771.6052892
5373745.76187691
10016218.4081381
16997445.1059086
751546.430366231
13374401.5235628
1195579.20303597
1226301.28048808
4960414.966909
1666730.71712318
59828862.1539699
6380188.38753904
97058004.9731311
2010714.72587908
4518337.22725285
10050322.562034
5689476.22688127
957099035.844139
159303061.524294
62156933.0351355
265508945.595069
205807950.696911
9153394.17776985
15178001.2793888
155826476.540564
179359815.318366
4567294.50638193
5648332.22623282
11951673.6810364
857670.394548611
4029641.12969481
344318780.024069
1506939.97814375
197051163.276399
23848157.9640056
1262515.48269461
115704809.700352
31247077.6537576
8886777.23616186
39242203.4176034
531525.56761802
149969885.635721
325031.718361816
491472.009502303
406574.582134403
63105665.1279361
3109385.45988338
77452483.8923402
32746827.9005974
8629965.8733711
1452601.52269193
2388927.62607454
6987594.94860466
2631061.26160235
2143218.65669552
2972003.17390563
477592.338522878
1666213.06653096
9552250.24186745
367520.705037133
435877.809743005
340880.274542665
36335392.4294392
56983351.6840873
1071695.89301507
7080038.6812518
10322294.8312075
14306085.1885034
1055363814.31708
98208.6843165865
139256185.78096
117753005.92598
3018523.02306752
124552852.05741
206330184.807225
775209167.047315
995406130.115119
346348378.077726
5056190.38728737
3289810.84168845
13119317.1532477
8172754.42035642
14759981.1680254
6227604.05886712
224156496.398315
13000982.5778331
564787.382273074
360283.644106511
1221086.59644959
8843728.45274071
112629.658441598
148092.524351981
4970794.27272749
13256262.8469594
325701742.714965
1337798.12195977
64090987.2708567
1745557.4074736
29555777.3630595
94998.1307431467
32530211.1856203
30291411.3430108
1478230.93619214
940482.833107586
26514051.4693385
21931471.8552289
97506341.9526587
2572792.78027249
73791887.1505283
21304216.1788299
117999.074662527
17986831.0693335
3226911.63689452
7613465.58380426
51278757.5990162
3087833.02613664
17553410.5977547
11537355.0585783
8033203.31012803
13327624.9048032
7296625.41050232
17618674.2951698
52080548.5642273
4347251.23942739
51739085.1266898
1281917.54354745
1283571.91600616
67681965.7874318
21692303.8826317
367593.14576117
5109017.04318308
1053082.151179
346001297.954847
17495252.5068064
1610876.06103126
20758235.1608685
12385898.5542025
13741848.9322591
1079813262.13889
19633349.951435
244909431.777985
9326907.05542613
48257730.1357886
20209408.3782621
201346064.096327
4028784.35243589
34005110.1485977
10977126.913266
57564487.3711327
6428453.34110356
3129082.57938166
3046167.25893581
271685151.685819
79083850.5325641
82805628.9896516
7718350.60973973
9639018.4054705
4572156.92176582
1117982.73869931
2596124.94756557
1802897.28359329
9631490.25037006
11739774.3227528
128877310.581178
73631641.9172059
9040650.47136133
6850984.00218453
339089473.04458
12484710.8169819
146815.622849828
68130376.5821577
102735603.56586
7627910.72076946
330606962.566172
103012461.001199
414005190.554591
99364428.8955893
175229269.628363
200764777.387384
148461.496026168
1413678.24801176
83836797.8666912
66161651.2127172
13181890.8414165
531629.117681831
2936128.6548924
53714905.1039831
1364644.20838082
2948784.04345737
154516708.750538
1819058.94712873
16529096.201593
5213378.47878619
1842996.46940088
37316893.7177416
11140456.6874771
13589177.8799865
3906085.37331196
511381262.003559
1576507.36726255
12456828.3923237
15559587.2491243
256042622.396925
26280080.7393569
83471763.0789072
18084397.4592033
87711978.8373172
2879635.27308274
199373877.349827
72270040.9776985
502575772.614283
2491213.77239403
10088392.2537936
1783977.70690486
49945721.5677008
19232203.191611
31193555.4569532
10961934.1577332
12901290.7325083
242657974.122118
7190861.57903442
121071.109506172
1464782.01499198
854733.221035042
127513593.341929
27850579.227815
750312.271581417
8446519.00851668
1978336.26304311
93911837.2696651
13632821.7587101
13569774.1328729
3735506.71516405
753200.270101702
26846883.6433126
12985658.9359694
204151.212800886
711536.191425416
71665504.6732682
5501255.7194186
467173473.303803
44986070.2188201
52373146.1755878
66520881.167285
853108.830014333
37677865.0507548
20781909.0540478
6431193.3311895
6665681.65640514
6531561.17764956
301409.384096323
91021226.3152625
1099596449.55287
39121981.4659684
6337360.48788194
9910258.02863637
10260945.1362901
541711.767798858
119383512.477903
866202006.243125
123663248.623201
16244293.5501318
15734664.1950419
19901572.8724228
2188413.34853123
30469568.5141749
646284497.069817
9947005.87116278
131547718.767831
40411795.8902463
5221920.41290284
140648308.920293
24433832.4556596
8221183.19684576
759056963.042496
92930444.7840225
31466738.6901864
584277049.062436
1353474959.51668
369055.38361721
144265735.245313
21062291.0703333
1693376.9808298
1762855.60350613
87349940.7348644
953842.551893051
1624843.13812777
595771.182987675
16136104.7385532
114128124.137829
33674384.9138363
1029727.10886694
17372035.2201225
1128815.63886181
42835862.382686
885264.318974047
3351242.52210313
164658.187112713
119753331.091314
6191996.52540609
1736023.90543768
7766326.19653262
707559.155657186
37202632.086296
1816955.55960311
35183249.1499446
319652412.210132
16331574.9316617
256774.335876121
1460831.95654744
4835329.50568652
1657995.04505158
7555427.10304921
28952572.435709
536849.102307788
3764624.27304033
1453572.09606416
2170317.30967631
1695516.49495634
11698294.1972685
6899599.23285573
115247731.938483
13404478.2878284
1141177.26780929
5551447.83154785
1572996.96097029
9432254.59841213
15643606.965864
9990631.54884942
9257861.36330892
35051148.4787942
5303100.50155757
118844.268593334
79597563.47607
45246297.9684187
17759854.1108149
29347588.9817077
129820532.49184
51343404.7490482
49281451.4637844
1650294.57425888
1483451.03086664
1395482.57758308
144407.936487965
868398.995662608
998711.201218263
34252940.3657838
1576507.36726255
22942326.1452339
16058480.7169375
36959989.3495464
51608656.0746141
2765280.92153062
858298.779025749
78867098.7367844
1078466.16740601
3929042.16624507
159760.688516488
5125565.41341819
3839095.64611003
1094206.67426562
12877910.8437013
405999.205859835
19586498.805308
2779261.1119641
14849201.3454347
1265127.97685557
26601464.0897707
312698052.076731
2397265.01452234
9054132.54652345
81916972.7087666
300362121.704619
38267590.6249324
8625870.06799235
2047847.14632381
58882007.0994042
1472784.61909756
186383771.690455
4935295.57268171
5231678.11893674
52574996.6736197
6690594.49418395
1650445.91619492
1005434.67209786
48612382.3767084
259529.194634989
35556828.5142634
271575.933112074
7439499.85885048
439027580.865462
105598520.469288
41056765.0321559
178378960.731752
8990369.08176755
155646722.98819
17627211.0202186
17133584.8072272
20617414.369042
1418083.58075815
77543775.4946762
4442162.4588751
226190230.468868
79094390.1319488
94171.2304257855
46835550.2293863
14917287.8279493
19121625.9376665
169099326.316387
5966931.33423562
83869658.6224289
180756.661399514
14622587.1507986
29916949.4689726
99666621.8611211
2628518.19435189
134121186.728607
69770249.2091398
603399.927154351
1149376.07604562
29935167.626131
13534655.2962334
124967.983846778
4188201.396705
2503028.39907687
1438673.00583738
68586488.231808
1682157.4860767
2706732.49545907
35716646.5329966
1702883.76100379
21667111.5345904
11387168.2401713
538867.607686819
52257598.3644392
4914813.52749585
1965082.53138317
1278433.35672142
4018397.97844206
9830537.00898395
1454377.95343205
116078507.422292
26177143.4168093
5029101.02587144
6520694.51032889
23083964.4482004
513856.923933318
15061888.2484786
994974.482921718
6817503.46124556
50235323.9455855
2046293.38847401
86488234.0744502
17692521.9100885
54659391.6270339
373199542.364304
150077626.544054
7358293.37056733
29718953.9488148
328947.541123584
6022359.21693093
2926204.14273151
152699078.14408
5141763.87287214
297054501.74774
32054007.7436068
336999699.869436
18843618.3442479
258077.388034315
516566314.142867
81714015.8728974
1672896.03913443
1769814.56123461
351216.625326106
3139146.0662426
